Weight Value (W = 99457, max(v) = 464756)
946	1133
819	1076
420	817
800	1066
406	805
941	1131
70	349
560	925
795	1064
583	940
595	948
695	1010
463	853
742	1036
171	539
352	755
858	1094
182	555
887	1107
606	956
470	858
955	1136
552	919
764	1048
493	876
363	766
588	944
220	607
982	1147
261	658
793	1063
796	1064
872	1101
347	750
768	1050
785	1059
741	1036
187	562
339	742
408	807
320	723
442	836
518	895
127	467
23	201
375	777
513	891
1	42
593	947
686	1005
235	627
239	632
751	1041
129	471
232	623
518	895
551	919
992	1151
212	597
487	871
548	916
954	1136
166	531
898	1112
599	951
153	511
261	658
970	1142
753	1042
938	1129
317	720
955	1136
181	554
154	513
107	430
518	895
2	59
265	663
20	188
868	1099
503	884
818	1075
906	1116
254	650
517	894
177	548
302	704
459	849
784	1058
571	932
246	640
2	59
686	1005
273	672
272	671
387	788
101	418
604	954
541	911
465	854
801	1067
754	1042
903	1114
666	993
115	445
615	961
74	359
901	1113
2	59
557	923
958	1138
754	1042
502	883
412	810
370	772
821	1077
535	907
577	936
570	932
635	974
626	968
507	887
490	874
587	943
348	751
161	524
289	690
822	1077
812	1072
213	598
535	907
487	871
868	1099
291	692
190	567
308	710
321	724
490	874
811	1072
210	594
278	678
489	873
126	465
860	1095
692	1008
763	1047
269	667
963	1140
157	517
491	875
301	703
807	1070
980	1146
480	866
937	1129
324	727
318	721
777	1054
280	680
821	1077
523	899
642	978
186	561
821	1077
453	845
613	960
179	551
616	962
558	923
361	764
311	714
598	950
230	620
726	1027
771	1051
352	755
139	488
206	589
778	1055
665	992
775	1053
414	812
21	192
29	226
125	463
50	296
849	1090
612	959
804	1068
355	758
157	517
192	570
370	772
276	675
632	972
914	1119
641	978
360	763
815	1074
800	1066
156	516
262	659
68	344
194	572
986	1149
317	720
991	1151
368	770
954	1136
383	784
113	441
701	1013
485	870
209	593
724	1026
151	508
127	467
641	978
420	817
443	836
182	555
431	826
888	1108
37	255
913	1119
52	302
920	1122
870	1100
881	1105
125	463
808	1070
83	380
818	1075
704	1015
124	462
237	629
11	139
85	384
58	318
515	893
889	1108
637	975
242	635
864	1097
888	1108
646	981
848	1089
515	893
153	511
382	783
968	1142
586	942
764	1048
43	274
633	973
661	990
648	982
904	1115
363	766
481	867
477	864
314	717
968	1142
330	733
513	891
31	233
550	918
311	714
383	784
229	619
882	1105
641	978
896	1111
161	524
46	284
507	887
870	1100
901	1113
659	989
43	274
820	1076
503	884
535	907
31	233
423	820
328	731
608	957
201	582
263	660
74	359
671	996
875	1102
942	1131
889	1108
142	493
763	1047
511	890
571	932
961	1139
359	762
64	334
487	871
336	739
218	605
896	1111
753	1042
259	656
53	304
769	1050
268	666
996	1153
110	436
630	971
414	812
848	1089
116	447
125	463
303	705
974	1144
407	806
918	1121
617	963
541	911
188	564
963	1140
753	1042
666	993
655	986
45	281
868	1099
775	1053
448	840
348	751
554	921
133	478
526	901
511	890
607	956
866	1098
14	157
551	919
196	575
235	627
692	1008
497	879
625	968
91	397
975	1144
384	785
926	1124
57	316
401	800
438	832
701	1013
206	589
333	736
523	899
370	772
484	869
391	791
820	1076
306	708
599	951
135	481
125	463
423	820
967	1141
973	1144
663	991
185	560
404	803
974	1144
986	1149
822	1077
808	1070
181	554
3	73
186	561
640	977
546	915
23	201
359	762
715	1021
926	1124
302	704
942	1131
305	707
788	1060
456	847
572	933
476	863
922	1123
899	1113
518	895
74	359
581	939
282	682
276	675
336	739
456	847
774	1053
777	1054
992	1151
189	565
353	756
120	454
44	278
297	699
46	284
544	914
824	1078
308	710
98	412
905	1115
139	488
686	1005
773	1052
357	760
206	589
307	709
33	241
55	310
754	1042
599	951
337	740
886	1107
974	1144
987	1149
955	1136
58	318
687	1005
685	1004
950	1134
14	157
110	436
635	974
788	1060
620	965
157	517
784	1058
385	786
211	596
721	1025
941	1131
841	1086
36	251
41	268
17	173
365	767
688	1006
348	751
825	1078
694	1009
715	1021
407	806
216	602
248	643
316	719
229	619
519	896
408	807
194	572
468	857
190	567
598	950
784	1058
46	284
784	1058
172	540
785	1059
268	666
91	397
700	1013
340	743
693	1009
653	985
700	1013
976	1145
525	900
752	1041
381	782
241	634
446	839
582	940
816	1074
969	1142
674	998
900	1113
311	714
375	777
901	1113
339	742
642	978
571	932
567	930
170	537
134	479
335	738
552	919
589	944
999	1154
199	579
218	605
649	983
319	722
561	925
114	443
716	1022
164	528
381	782
559	924
769	1050
373	775
510	889
297	699
674	998
149	504
855	1093
570	932
92	399
310	713
591	946
384	785
886	1107
319	722
197	577
16	168
857	1094
783	1058
11	139
468	857
264	662
334	737
718	1023
462	852
673	997
98	412
444	837
786	1059
211	596
975	1144
156	516
23	201
982	1147
750	1040
657	988
166	531
237	629
639	976
591	946
185	560
614	961
414	812
604	954
205	588
248	643
89	393
304	706
960	1138
307	709
103	422
124	462
259	656
619	964
674	998
942	1131
952	1135
917	1120
325	728
507	887
28	222
88	391
375	777
419	816
838	1085
709	1018
998	1153
665	992
126	465
231	622
868	1099
144	496
126	465
67	342
589	944
342	745
340	743
161	524
686	1005
124	462
645	980
584	941
319	722
627	969
403	802
549	917
258	655
728	1028
968	1142
52	302
777	1054
856	1093
968	1142
445	838
603	954
628	970
58	318
136	483
639	976
526	901
255	651
745	1038
406	805
666	993
937	1129
428	824
821	1077
165	530
197	577
553	920
432	827
577	936
809	1071
672	996
264	662
750	1040
406	805
190	567
757	1044
890	1109
174	543
838	1085
797	1065
906	1116
222	610
409	807
907	1116
478	865
69	347
678	1000
511	890
984	1148
403	802
601	952
484	869
485	870
538	909
264	662
180	552
50	296
864	1097
720	1024
806	1069
871	1100
139	488
596	949
937	1129
855	1093
123	460
350	753
229	619
302	704
458	849
740	1035
528	902
9	126
543	913
179	551
871	1100
201	582
150	506
743	1037
144	496
543	913
321	724
953	1136
406	805
417	814
354	757
566	929
332	735
499	881
453	845
751	1041
232	623
959	1138
187	562
987	1149
681	1002
189	565
833	1082
77	366
570	932
954	1136
685	1004
156	516
412	810
301	703
137	484
853	1092
599	951
941	1131
605	955
683	1003
737	1033
684	1004
249	644
192	570
812	1072
990	1150
223	611
88	391
724	1026
130	472
877	1103
524	899
958	1138
367	769
713	1020
196	575
810	1071
24	205
450	842
268	666
882	1105
640	977
597	950
327	730
1000	1154
686	1005
734	1032
231	622
219	606
226	615
690	1007
82	377
890	1109
397	797
171	539
181	554
558	923
469	857
763	1047
293	694
564	928
590	945
183	557
201	582
129	471
777	1054
69	347
689	1006
899	1113
832	1082
118	451
761	1046
870	1100
135	481
396	796
38	258
276	675
85	384
724	1026
463	853
891	1109
520	896
677	999
477	864
59	321
580	938
223	611
291	692
157	517
956	1137
805	1069
630	971
948	1133
263	660
930	1126
509	888
895	1111
380	781
255	651
513	891
757	1044
597	950
891	1109
422	819
31	233
407	806
873	1101
640	977
296	698
128	469
461	851
446	839
840	1086
816	1074
958	1138
578	937
628	970
984	1148
533	906
503	884
775	1053
949	1134
524	899
897	1112
253	649
533	906
816	1074
1000	1154
146	500
280	680
351	754
388	789
726	1027
464	853
162	525
409	807
107	430
977	1145
108	432
933	1127
629	970
177	548
168	534
533	906
184	558
712	1020
230	620
3	73
670	995
249	644
750	1040
570	932
910	1117
911	1118
706	1016
695	1010
733	1031
848	1089
224	613
570	932
904	1115
381	782
638	976
186	561
887	1107
927	1125
460	850
140	490
276	675
299	701
77	366
365	767
577	936
598	950
117	449
450	842
389	790
298	700
67	342
487	871
599	951
919	1121
944	1132
892	1110
153	511
58	318
454	845
25	210
854	1092
808	1070
970	1142
779	1056
235	627
555	921
794	1063
900	1113
241	634
660	989
807	1070
326	729
665	992
542	912
932	1127
792	1062
94	403
369	771
12	145
247	641
382	783
124	462
343	746
382	783
169	536
298	700
837	1084
662	991
448	840
646	981
873	1101
149	504
302	704
518	895
791	1062
307	709
58	318
410	808
605	955
1000	1154
915	1120
821	1077
349	752
759	1045
362	765
907	1116
729	1029
94	403
419	816
305	707
693	1009
627	969
475	862
488	872
625	968
640	977
779	1056
402	801
764	1048
807	1070
627	969
635	974
305	707
77	366
847	1089
88	391
389	790
691	1008
285	685
691	1008
982	1147
880	1104
396	796
764	1048
125	463
232	623
519	896
873	1101
476	863
167	533
279	679
6	103
641	978
422	819
900	1113
525	900
361	764
949	1134
164	528
528	902
317	720
606	956
842	1087
913	1119
191	568
600	952
528	902
760	1046
917	1120
9	126
812	1072
348	751
845	1088
34	244
398	798
760	1046
519	896
199	579
424	820
936	1128
798	1065
12	145
300	702
857	1094
558	923
160	522
17	173
203	585
863	1096
77	366
126	465
82	377
304	706
925	1124
277	677
672	996
836	1084
598	950
337	740
397	797
552	919
799	1066
720	1024
287	688
562	926
272	671
321	724
345	748
675	998
709	1018
837	1084
848	1089
510	889
251	646
82	377
440	834
54	307
897	1112
915	1120
115	445
963	1140
296	698
633	973
386	787
805	1069
187	562
405	804
457	848
31	233
847	1089
234	625
671	996
629	970
100	416
255	651
963	1140
765	1048
889	1108
347	750
407	806
10	133
59	321
887	1107
361	764
291	692
990	1150
23	201
477	864
936	1128
74	359
848	1089
123	460
469	857
791	1062
891	1109
918	1121
660	989
193	571
576	936
123	460
1000	1154
908	1117
3	73
382	783
916	1120
64	334
747	1039
432	827
911	1118
941	1131
269	667
115	445
802	1067
488	872
228	618
403	802
847	1089
860	1095
636	975
246	640
588	944
817	1075
314	717
741	1036
350	753
609	958
461	851
648	982
646	981
269	667
344	747
709	1018
903	1114
107	430
445	838
874	1101
109	434
715	1021
466	855
238	630
270	669
189	565
871	1100
123	460
180	552
956	1137
470	858
646	981
513	891
165	530
546	915
221	609
274	673
272	671
664	992
951	1135
660	989
5	94
560	925
103	422
137	484
856	1093
987	1149
169	536
956	1137
846	1088
702	1014
475	862
632	972
437	831
718	1023
45	281
20	188
359	762
874	1101
385	786
593	947
831	1081
452	844
99	414
778	1055
881	1105
919	1121
793	1063
98	412
78	368
2	59
59	321
609	958
109	434
50	296
172	540
223	611
891	1109
659	989
470	858
351	754
163	527
688	1006
738	1034
773	1052
854	1092
766	1049
533	906
944	1132
508	887
789	1061
532	905
24	205
969	1142
494	877
608	957
64	334
440	834
997	1153
842	1087
780	1056
875	1102
272	671
336	739
308	710
384	785
165	530
461	851
23	201
156	516
327	730
93	401
608	957
812	1072
474	861
757	1044
732	1031
199	579
618	963
263	660
514	892
405	804
744	1037
43	274
473	861
282	682
908	1117
927	1125
132	476
203	585
347	750
344	747
385	786
311	714
442	836
750	1040
253	649
286	687
24	205
459	849
793	1063
901	1113
152	509
12	145
672	996
704	1015
948	1133
238	630
806	1069
662	991
962	1139
97	410
714	1021
121	456
867	1098
680	1001
756	1044
162	525
718	1023
631	972
743	1037
64	334
921	1122
651	984
439	833
314	717
600	952
381	782
364	766
200	581
179	551
775	1053
13	151
661	990
604	954
724	1026
29	226
455	846
734	1032
524	899
497	879
293	694
831	1081
541	911
888	1108
239	632
174	543
658	988
513	891
2	59
997	1153
176	546
119	453
809	1071
431	826
684	1004
968	1142
276	675
370	772
677	999
233	624
100	416
718	1023
527	901
611	959
700	1013
316	719
646	981
689	1006
657	988
264	662
63	332
527	901
819	1076
359	762
634	973
92	399
329	732
833	1082
610	958
480	866
848	1089
759	1045
178	549
142	493
781	1057
285	685
33	241
251	646
909	1117
241	634
455	846
692	1008
484	869
169	536
301	703
692	1008
10	133
377	779
721	1025
179	551
655	986
930	1126
95	406
231	622
72	354
628	970
168	534
470	858
511	890
284	684
694	1009
970	1142
102	420
70	349
997	1153
43	274
468	857
379	780
276	675
568	930
198	578
43	274
513	891
182	555
502	883
893	1110
768	1050
62	329
928	1125
649	983
940	1130
939	1130
231	622
333	736
940	1130
577	936
932	1127
300	702
759	1045
135	481
215	601
272	671
568	930
21	192
51	299
576	936
306	708
366	768
702	1014
322	725
307	709
895	1111
374	776
810	1071
517	894
493	876
12	145
752	1041
520	896
307	709
252	647
6	103
425	821
793	1063
267	665
847	1089
30	230
149	504
279	679
529	903
183	557
662	991
578	937
787	1060
726	1027
707	1017
687	1005
679	1001
623	966
839	1085
419	816
993	1151
128	469
472	860
804	1068
133	478
490	874
371	773
589	944
980	1146
813	1073
729	1029
448	840
655	986
823	1077
333	736
601	952
810	1071
798	1065
987	1149
521	897
826	1079
625	968
90	395
617	963
279	679
762	1047
403	802
714	1021
186	561
878	1103
159	520
867	1098
591	946
650	983
267	665
738	1034
140	490
520	896
375	777
697	1011
784	1058
168	534
898	1112
530	904
604	954
974	1144
104	424
515	893
205	588
346	749
44	278
499	881
847	1089
891	1109
5	94
258	655
475	862
11	139
972	1143
948	1133
825	1078
469	857
92	399
62	329
374	776
9	126
425	821
719	1023
383	784
23	201
305	707
584	941
332	735
399	799
525	900
444	837
629	970
615	961
752	1041
360	763
968	1142
868	1099
254	650
411	809
328	731
431	826
6	103
879	1104
359	762
41	268
216	602
686	1005
908	1117
486	871
32	237
765	1048
525	900
198	578
200	581
451	843
638	976
327	730
537	909
922	1123
480	866
636	975
722	1025
829	1080
691	1008
624	967
559	924
624	967
907	1116
379	780
467	856
83	380
398	798
723	1026
261	658
567	930
227	616
236	628
527	901
742	1036
372	774
760	1046
569	931
702	1014
772	1052
255	651
642	978
447	840
914	1119
816	1074
383	784
880	1104
932	1127
877	1103
465	854
461	851
132	476
19	183
355	758
739	1034
182	555
15	162
930	1126
418	815
391	791
529	903
563	927
834	1083
783	1058
996	1153
807	1070
998	1153
967	1141
555	921
337	740
483	868
379	780
670	995
942	1131
713	1020
185	560
930	1126
195	574
936	1128
848	1089
892	1110
675	998
956	1137
385	786
206	589
118	451
562	926
697	1011
296	698
802	1067
896	1111
341	744
752	1041
942	1131
352	755
315	718
497	879
713	1020
444	837
831	1081
40	265
295	696
883	1106
291	692
393	793
996	1153
466	855
469	857
838	1085
142	493
76	364
532	905
488	872
150	506
330	733
827	1079
859	1095
119	453
411	809
701	1013
542	912
525	900
741	1036
854	1092
456	847
607	956
193	571
432	827
828	1080
694	1009
666	993
443	836
261	658
451	843
990	1150
242	635
826	1079
932	1127
811	1072
789	1061
963	1140
302	704
187	562
105	426
345	748
828	1080
584	941
417	814
345	748
806	1069
376	778
760	1046
313	716
99	414
353	756
540	911
257	653
31	233
37	255
948	1133
811	1072
996	1153
471	859
74	359
332	735
973	1144
20	188
434	829
600	952
438	832
867	1098
368	770
776	1054
565	928
669	995
718	1023
111	438
188	564
676	999
435	830
776	1054
260	657
823	1077
484	869
706	1016
866	1098
948	1133
6	103
924	1123
765	1048
237	629
505	885
616	962
997	1153
379	780
222	610
339	742
789	1061
581	939
874	1101
739	1034
226	615
218	605
480	866
207	590
786	1059
714	1021
514	892
354	757
93	401
992	1151
777	1054
616	962
7	111
586	942
672	996
559	924
435	830
463	853
460	850
887	1107
409	807
255	651
278	678
570	932
976	1145
135	481
582	940
356	759
820	1076
906	1116
113	441
267	665
777	1054
384	785
461	851
903	1114
973	1144
738	1034
855	1093
539	910
969	1142
843	1087
683	1003
850	1090
656	987
592	946
211	596
282	682
991	1151
720	1024
590	945
908	1117
83	380
853	1092
771	1051
777	1054
917	1120
129	471
659	989
414	812
48	290
809	1071
769	1050
248	643
329	732
925	1124
973	1144
816	1074
214	600
485	870
804	1068
448	840
111	438
349	752
561	925
820	1076
832	1082
873	1101
1000	1154
586	942
164	528
161	524
524	899
873	1101
35	248
998	1153
1000	1154
165	530
220	607
922	1123
451	843
97	410
987	1149
636	975
842	1087
515	893
452	844
145	498
721	1025
291	692
741	1036
987	1149
585	942
987	1149
800	1066
934	1128
668	994
816	1074
334	737
781	1057
828	1080
79	371
44	278
833	1082
703	1014
640	977
641	978
226	615
813	1073
278	678
861	1095
955	1136
407	806
45	281
868	1099
986	1149
354	757
882	1105
913	1119
429	825
314	717
174	543
626	968
789	1061
599	951
187	562
970	1142
510	889
330	733
788	1060
898	1112
765	1048
608	957
233	624
870	1100
1000	1154
605	955
248	643
373	775
489	873
602	953
797	1065
41	268
539	910
528	902
610	958
339	742
298	700
794	1063
55	310
16	168
7	111
910	1117
379	780
78	368
138	486
940	1130
16	168
318	721
909	1117
341	744
170	537
235	627
703	1014
900	1113
448	840
754	1042
902	1114
800	1066
641	978
440	834
875	1102
40	265
856	1093
166	531
338	741
493	876
648	982
368	770
54	307
635	974
16	168
649	983
529	903
671	996
464	853
663	991
273	672
242	635
322	725
333	736
948	1133
356	759
953	1136
508	887
325	728
257	653
196	575
960	1138
891	1109
439	833
355	758
817	1075
688	1006
21	192
689	1006
270	669
944	1132
238	630
944	1132
875	1102
774	1053
651	984
407	806
204	586
593	947
820	1076
431	826
911	1118
556	922
127	467
577	936
982	1147
217	604
871	1100
441	835
2	59
901	1113
870	1100
206	589
448	840
719	1023
242	635
471	859
119	453
697	1011
579	938
526	901
280	680
477	864
555	921
417	814
164	528
96	408
860	1095
443	836
633	973
905	1115
509	888
775	1053
285	685
930	1126
229	619
421	818
569	931
494	877
630	971
154	513
670	995
545	914
554	921
188	564
331	734
795	1064
465	854
363	766
812	1072
924	1123
593	947
305	707
92	399
41	268
308	710
242	635
620	965
661	990
309	711
764	1048
65	337
280	680
874	1101
104	424
497	879
59	321
299	701
47	287
837	1084
890	1109
593	947
701	1013
41	268
840	1086
351	754
792	1062
887	1107
645	980
652	984
945	1132
143	495
947	1133
935	1128
801	1067
130	472
92	399
745	1038
773	1052
961	1139
606	956
6	103
531	904
514	892
918	1121
667	994
722	1025
307	709
488	872
921	1122
621	965
821	1077
437	831
56	313
912	1118
577	936
738	1034
204	586
153	511
550	918
351	754
187	562
831	1081
640	977
285	685
301	703
510	889
354	757
423	820
890	1109
777	1054
229	619
673	997
71	352
502	883
438	832
644	980
785	1059
13	151
363	766
487	871
39	262
33	241
302	704
823	1077
555	921
781	1057
64	334
591	946
330	733
431	826
742	1036
240	633
815	1074
55	310
168	534
986	1149
883	1106
552	919
716	1022
56	313
736	1033
942	1131
511	890
184	558
192	570
143	495
916	1120
944	1132
778	1055
610	958
122	458
98	412
141	491
898	1112
193	571
96	408
107	430
530	904
789	1061
464	853
367	769
130	472
985	1148
680	1001
718	1023
872	1101
893	1110
250	645
729	1029
136	483
161	524
1	42
105	426
940	1130
287	688
26	214
658	988
692	1008
27	218
740	1035
152	509
895	1111
622	966
503	884
372	774
479	865
231	622
224	613
231	622
81	375
808	1070
931	1126
924	1123
106	428
318	721
63	332
274	673
482	868
872	1101
21	192
480	866
524	899
15	162
81	375
319	722
108	432
149	504
687	1005
227	616
743	1037
566	929
6	103
810	1071
294	695
825	1078
432	827
778	1055
874	1101
470	858
271	670
774	1053
777	1054
601	952
330	733
202	583
767	1049
525	900
13	151
138	486
70	349
546	915
492	875
14	157
790	1061
944	1132
752	1041
937	1129
276	675
617	963
127	467
453	845
727	1028
882	1105
552	919
63	332
414	812
209	593
876	1102
713	1020
699	1012
104	424
894	1110
58	318
490	874
160	522
971	1143
823	1077
962	1139
31	233
603	954
990	1150
402	801
738	1034
981	1147
309	711
197	577
274	673
462	852
303	705
334	737
275	674
394	794
910	1117
372	774
424	820
577	936
17	173
694	1009
992	1151
259	656
440	834
448	840
244	638
580	938
522	898
228	618
525	900
976	1145
173	542
241	634
706	1016
735	1032
390	791
287	688
736	1033
506	886
852	1091
128	469
183	557
51	299
649	983
937	1129
467	856
913	1119
456	847
70	349
464	853
625	968
696	1010
136	483
549	917
277	677
118	451
770	1051
450	842
672	996
750	1040
247	641
289	690
904	1115
755	1043
278	678
535	907
75	361
290	691
406	805
468	857
73	356
83	380
1	42
734	1032
768	1050
223	611
428	824
666	993
922	1123
282	682
101	418
459	849
560	925
602	953
68	344
808	1070
594	948
645	980
890	1109
746	1038
492	875
239	632
948	1133
715	1021
115	445
353	756
360	763
543	913
421	818
530	904
886	1107
294	695
948	1133
986	1149
16	168
944	1132
363	766
273	672
193	571
935	1128
943	1131
940	1130
178	549
840	1086
102	420
672	996
696	1010
793	1063
211	596
293	694
110	436
620	965
775	1053
243	636
457	848
362	765
633	973
919	1121
575	935
449	841
351	754
767	1049
14	157
118	451
10	133
297	699
539	910
51	299
174	543
888	1108
48	290
417	814
94	403
631	972
899	1113
366	768
628	970
955	1136
109	434
193	571
630	971
188	564
416	814
864	1097
26	214
484	869
296	698
88	391
570	932
966	1141
835	1083
957	1137
528	902
791	1062
288	689
709	1018
787	1060
625	968
35	248
944	1132
687	1005
266	664
711	1019
738	1034
329	732
697	1011
714	1021
39	262
472	860
553	920
948	1133
782	1057
757	1044
779	1056
391	791
511	890
779	1056
1000	1154
248	643
788	1060
223	611
460	850
236	628
235	627
408	807
284	684
243	636
577	936
751	1041
480	866
33	241
72	354
856	1093
329	732
23	201
961	1139
687	1005
387	788
901	1113
162	525
964	1140
964	1140
875	1102
522	898
183	557
731	1030
51	299
31	233
779	1056
793	1063
89	393
518	895
318	721
99	414
498	880
491	875
431	826
717	1022
440	834
420	817
175	545
280	680
763	1047
985	1148
488	872
812	1072
1	42
55	310
888	1108
934	1128
710	1018
896	1111
551	919
251	646
836	1084
339	742
612	959
970	1142
292	693
506	886
67	342
854	1092
43	274
174	543
881	1105
193	571
614	961
869	1099
958	1138
874	1101
709	1018
284	684
545	914
495	878
307	709
669	995
679	1001
107	430
819	1076
490	874
821	1077
81	375
164	528
791	1062
952	1135
910	1117
294	695
811	1072
28	222
410	808
491	875
943	1131
978	1146
631	972
574	934
789	1061
119	453
600	952
406	805
849	1090
819	1076
579	938
723	1026
779	1056
951	1135
479	865
520	896
427	823
86	386
774	1053
991	1151
531	904
716	1022
988	1150
79	371
464	853
169	536
869	1099
313	716
881	1105
479	865
762	1047
478	865
382	783
111	438
476	863
722	1025
921	1122
1000	1154
431	826
300	702
24	205
192	570
392	792
307	709
64	334
968	1142
791	1062
890	1109
867	1098
531	904
613	960
692	1008
195	574
647	981
991	1151
288	689
716	1022
162	525
824	1078
381	782
493	876
885	1106
786	1059
967	1141
335	738
804	1068
989	1150
832	1082
188	564
964	1140
974	1144
463	853
968	1142
323	726
217	604
180	552
587	943
571	932
255	651
641	978
317	720
399	799
593	947
242	635
176	546
988	1150
922	1123
885	1106
210	594
625	968
64	334
851	1091
303	705
647	981
42	271
404	803
954	1136
920	1122
107	430
838	1085
885	1106
491	875
117	449
639	976
195	574
822	1077
119	453
558	923
549	917
906	1116
55	310
877	1103
153	511
123	460
912	1118
665	992
580	938
37	255
397	797
928	1125
585	942
143	495
35	248
753	1042
784	1058
867	1098
146	500
463	853
463	853
795	1064
44	278
46	284
227	616
765	1048
797	1065
876	1102
496	878
616	962
400	800
961	1139
164	528
908	1117
912	1118
694	1009
168	534
638	976
292	693
753	1042
374	776
297	699
16	168
503	884
315	718
253	649
939	1130
600	952
406	805
843	1087
755	1043
831	1081
391	791
966	1141
26	214
127	467
912	1118
531	904
540	911
886	1107
71	352
713	1020
358	761
989	1150
954	1136
306	708
464	853
909	1117
776	1054
512	890
507	887
339	742
646	981
272	671
828	1080
956	1137
471	859
361	764
822	1077
137	484
923	1123
461	851
51	299
876	1102
528	902
527	901
52	302
369	771
771	1051
283	683
851	1091
781	1057
808	1070
41	268
72	354
954	1136
829	1080
474	861
865	1097
640	977
323	726
224	613
671	996
885	1106
124	462
634	973
591	946
782	1057
574	934
581	939
998	1153
963	1140
669	995
163	527
796	1064
446	839
692	1008
688	1006
394	794
668	994
213	598
247	641
523	899
778	1055
419	816
329	732
390	791
536	908
559	924
853	1092
985	1148
217	604
56	313
9	126
831	1081
345	748
17	173
431	826
771	1051
29	226
182	555
584	941
666	993
998	1153
134	479
868	1099
45	281
229	619
450	842
655	986
948	1133
432	827
756	1044
334	737
843	1087
699	1012
953	1136
415	813
248	643
888	1108
679	1001
628	970
594	948
991	1151
551	919
656	987
723	1026
517	894
355	758
783	1058
87	388
313	716
808	1070
258	655
802	1067
98	412
677	999
465	854
670	995
266	664
818	1075
366	768
202	583
509	888
889	1108
56	313
435	830
746	1038
456	847
365	767
774	1053
464	853
429	825
670	995
979	1146
602	953
568	930
350	753
604	954
379	780
660	989
27	218
867	1098
98	412
149	504
627	969
607	956
287	688
570	932
800	1066
199	579
539	910
52	302
252	647
60	324
212	597
781	1057
661	990
291	692
694	1009
610	958
249	644
432	827
602	953
305	707
99	414
652	984
82	377
355	758
780	1056
472	860
618	963
106	428
418	815
479	865
537	909
355	758
147	501
215	601
141	491
301	703
402	801
328	731
610	958
168	534
625	968
635	974
123	460
663	991
405	804
139	488
727	1028
270	669
141	491
951	1135
877	1103
299	701
995	1152
149	504
591	946
920	1122
200	581
728	1028
546	915
367	769
155	514
211	596
276	675
148	503
691	1008
380	781
661	990
679	1001
352	755
769	1050
382	783
727	1028
845	1088
949	1134
596	949
719	1023
32	237
891	1109
405	804
275	674
608	957
401	800
209	593
684	1004
486	871
559	924
938	1129
864	1097
780	1056
277	677
404	803
306	708
672	996
824	1078
69	347
727	1028
665	992
652	984
69	347
718	1023
120	454
938	1129
911	1118
655	986
65	337
556	922
326	729
645	980
759	1045
244	638
80	373
411	809
642	978
192	570
638	976
538	909
932	1127
496	878
601	952
825	1078
431	826
950	1134
38	258
587	943
424	820
308	710
402	801
132	476
991	1151
537	909
455	846
924	1123
564	928
444	837
349	752
970	1142
515	893
63	332
841	1086
657	988
632	972
300	702
40	265
742	1036
979	1146
971	1143
308	710
543	913
541	911
458	849
726	1027
845	1088
329	732
490	874
201	582
898	1112
299	701
913	1119
397	797
851	1091
876	1102
146	500
857	1094
943	1131
291	692
78	368
576	936
126	465
244	638
573	934
437	831
523	899
989	1150
701	1013
398	798
506	886
852	1091
850	1090
123	460
89	393
434	829
267	665
559	924
578	937
218	605
99	414
942	1131
439	833
994	1152
77	366
853	1092
301	703
616	962
583	940
381	782
377	779
237	629
943	1131
968	1142
805	1069
469	857
392	792
842	1087
507	887
693	1009
310	713
56	313
816	1074
779	1056
485	870
148	503
194	572
265	663
661	990
678	1000
890	1109
514	892
1	42
724	1026
267	665
595	948
226	615
266	664
496	878
715	1021
128	469
754	1042
905	1115
802	1067
977	1145
558	923
198	578
837	1084
288	689
88	391
226	615
64	334
519	896
776	1054
137	484
498	880
716	1022
845	1088
137	484
988	1150
559	924
306	708
540	911
25	210
754	1042
403	802
252	647
23	201
991	1151
461	851
878	1103
397	797
685	1004
209	593
31	233
842	1087
731	1030
568	930
561	925
548	916
371	773
295	696
302	704
590	945
224	613
965	1140
451	843
631	972
527	901
248	643
902	1114
186	561
713	1020
307	709
545	914
584	941
943	1131
819	1076
12	145
495	878
124	462
724	1026
989	1150
494	877
199	579
32	237
571	932
446	839
885	1106
512	890
678	1000
554	921
186	561
256	652
161	524
87	388
897	1112
271	670
920	1122
36	251
863	1096
316	719
938	1129
363	766
267	665
625	968
503	884
646	981
777	1054
892	1110
282	682
898	1112
842	1087
321	724
591	946
654	986
572	933
864	1097
982	1147
44	278
504	884
789	1061
646	981
799	1066
118	451
562	926
858	1094
827	1079
330	733
846	1088
575	935
408	807
114	443
449	841
771	1051
807	1070
878	1103
861	1095
671	996
986	1149
190	567
742	1036
726	1027
616	962
263	660
394	794
403	802
886	1107
614	961
666	993
374	776
662	991
666	993
14	157
399	799
891	1109
653	985
956	1137
937	1129
635	974
292	693
466	855
688	1006
43	274
354	757
207	590
595	948
646	981
40	265
589	944
522	898
886	1107
328	731
665	992
192	570
433	828
932	1127
9	126
449	841
292	693
483	868
4	84
909	1117
851	1091
901	1113
93	401
675	998
223	611
505	885
584	941
902	1114
429	825
741	1036
267	665
107	430
621	965
54	307
942	1131
112	439
944	1132
147	501
299	701
638	976
353	756
766	1049
22	197
528	902
237	629
434	829
637	975
625	968
554	921
701	1013
736	1033
41	268
171	539
695	1010
74	359
528	902
465	854
217	604
869	1099
785	1059
851	1091
663	991
690	1007
448	840
551	919
142	493
862	1096
188	564
526	901
230	620
590	945
397	797
667	994
168	534
387	788
478	865
44	278
384	785
854	1092
164	528
431	826
475	862
525	900
740	1035
246	640
50	296
43	274
952	1135
515	893
349	752
644	980
203	585
628	970
401	800
93	401
848	1089
463	853
194	572
24	205
926	1124
358	761
544	914
693	1009
742	1036
596	949
686	1005
618	963
27	218
990	1150
926	1124
468	857
784	1058
11	139
645	980
347	750
965	1140
68	344
517	894
49	293
218	605
108	432
205	588
147	501
394	794
728	1028
723	1026
526	901
681	1002
439	833
370	772
218	605
494	877
90	395
843	1087
442	836
41	268
653	985
144	496
882	1105
653	985
308	710
788	1060
335	738
279	679
446	839
372	774
778	1055
244	638
581	939
576	936
45	281
134	479
700	1013
10	133
331	734
400	800
903	1114
981	1147
404	803
845	1088
438	832
374	776
958	1138
676	999
609	958
374	776
557	923
982	1147
188	564
966	1141
139	488
910	1117
956	1137
714	1021
16	168
487	871
433	828
606	956
138	486
737	1033
810	1071
795	1064
461	851
509	888
147	501
642	978
685	1004
331	734
553	920
943	1131
623	966
650	983
827	1079
623	966
667	994
520	896
459	849
794	1063
900	1113
309	711
235	627
665	992
405	804
557	923
832	1082
48	290
61	326
2	59
362	765
13	151
140	490
341	744
265	663
142	493
331	734
821	1077
169	536
399	799
360	763
21	192
966	1141
185	560
303	705
578	937
456	847
675	998
249	644
67	342
224	613
173	542
592	946
191	568
313	716
519	896
56	313
961	1139
351	754
526	901
792	1062
431	826
922	1123
855	1093
558	923
518	895
252	647
914	1119
502	883
271	670
502	883
551	919
579	938
469	857
543	913
99	414
20	188
292	693
356	759
580	938
864	1097
875	1102
472	860
552	919
626	968
778	1055
741	1036
482	868
861	1095
300	702
705	1016
445	838
223	611
222	610
834	1083
854	1092
762	1047
990	1150
450	842
165	530
766	1049
924	1123
427	823
580	938
776	1054
667	994
210	594
406	805
486	871
328	731
880	1104
777	1054
152	509
170	537
908	1117
12	145
616	962
808	1070
89	393
217	604
218	605
894	1110
158	519
331	734
852	1091
991	1151
329	732
489	873
911	1118
923	1123
690	1007
577	936
307	709
579	938
966	1141
261	658
342	745
168	534
233	624
633	973
550	918
879	1104
634	973
618	963
298	700
599	951
138	486
400	800
596	949
872	1101
605	955
348	751
609	958
933	1127
830	1081
178	549
518	895
987	1149
247	641
680	1001
253	649
911	1118
774	1053
5	94
358	761
795	1064
425	821
370	772
478	865
786	1059
339	742
563	927
754	1042
359	762
147	501
799	1066
780	1056
201	582
764	1048
43	274
125	463
306	708
727	1028
323	726
361	764
826	1079
874	1101
49	293
661	990
888	1108
452	844
675	998
740	1035
337	740
606	956
464	853
117	449
182	555
707	1017
651	984
822	1077
994	1152
168	534
838	1085
108	432
257	653
572	933
56	313
152	509
290	691
912	1118
431	826
723	1026
582	940
160	522
374	776
329	732
566	929
672	996
376	778
306	708
40	265
696	1010
794	1063
372	774
65	337
648	982
268	666
530	904
4	84
547	916
936	1128
775	1053
745	1038
112	439
521	897
227	616
990	1150
172	540
365	767
76	364
298	700
448	840
563	927
750	1040
20	188
801	1067
614	961
379	780
600	952
898	1112
799	1066
251	646
425	821
267	665
550	918
525	900
447	840
237	629
481	867
787	1060
939	1130
844	1088
402	801
658	988
150	506
291	692
229	619
519	896
869	1099
18	178
519	896
874	1101
479	865
443	836
752	1041
14	157
356	759
336	739
225	614
942	1131
559	924
535	907
286	687
826	1079
133	478
677	999
621	965
415	813
76	364
398	798
821	1077
578	937
812	1072
59	321
455	846
205	588
17	173
977	1145
576	936
856	1093
78	368
432	827
796	1064
681	1002
938	1129
449	841
500	881
827	1079
575	935
351	754
569	931
83	380
69	347
814	1073
150	506
549	917
155	514
727	1028
281	681
659	989
670	995
737	1033
353	756
710	1018
232	623
841	1086
409	807
850	1090
705	1016
283	683
779	1056
342	745
225	614
261	658
774	1053
929	1126
156	516
202	583
480	866
438	832
411	809
45	281
68	344
416	814
241	634
9	126
989	1150
414	812
915	1120
480	866
64	334
912	1118
711	1019
496	878
622	966
239	632
549	917
438	832
7	111
448	840
545	914
167	533
871	1100
993	1151
438	832
554	921
116	447
330	733
483	868
775	1053
477	864
261	658
306	708
866	1098
676	999
815	1074
67	342
544	914
477	864
76	364
709	1018
743	1037
260	657
901	1113
981	1147
154	513
994	1152
917	1120
861	1095
251	646
217	604
975	1144
214	600
951	1135
883	1106
146	500
389	790
605	955
798	1065
773	1052
849	1090
638	976
354	757
786	1059
322	725
758	1045
584	941
686	1005
684	1004
961	1139
588	944
311	714
649	983
574	934
52	302
244	638
602	953
711	1019
87	388
200	581
847	1089
719	1023
583	940
839	1085
929	1126
386	787
886	1107
551	919
622	966
455	846
244	638
888	1108
133	478
753	1042
359	762
36	251
389	790
321	724
328	731
615	961
938	1129
917	1120
804	1068
271	670
280	680
580	938
704	1015
652	984
933	1127
119	453
340	743
409	807
707	1017
345	748
785	1059
345	748
651	984
512	890
946	1133
314	717
50	296
465	854
966	1141
717	1022
47	287
751	1041
324	727
243	636
338	741
67	342
212	597
465	854
535	907
565	928
572	933
228	618
696	1010
249	644
249	644
869	1099
430	825
739	1034
393	793
318	721
657	988
523	899
983	1148
531	904
498	880
145	498
94	403
514	892
48	290
634	973
764	1048
450	842
575	935
607	956
201	582
135	481
970	1142
221	609
237	629
436	831
665	992
775	1053
220	607
303	705
339	742
486	871
13	151
760	1046
485	870
889	1108
358	761
849	1090
857	1094
564	928
33	241
871	1100
80	373
445	838
698	1012
263	660
295	696
1	42
7	111
681	1002
733	1031
539	910
566	929
840	1086
267	665
502	883
401	800
808	1070
90	395
349	752
709	1018
918	1121
936	1128
1	42
837	1084
419	816
995	1152
890	1109
667	994
129	471
379	780
460	850
120	454
467	856
436	831
804	1068
615	961
209	593
473	861
552	919
357	760
209	593
242	635
906	1116
203	585
999	1154
286	687
637	975
866	1098
653	985
889	1108
6	103
365	767
227	616
471	859
788	1060
666	993
88	391
486	871
735	1032
705	1016
302	704
496	878
92	399
795	1064
985	1148
838	1085
719	1023
787	1060
8	119
445	838
270	669
712	1020
522	898
52	302
989	1150
673	997
82	377
548	916
84	382
615	961
275	674
70	349
530	904
701	1013
628	970
248	643
277	677
643	979
677	999
48	290
543	913
646	981
768	1050
990	1150
458	849
321	724
80	373
910	1117
612	959
464	853
764	1048
723	1026
36	251
567	930
372	774
197	577
250	645
14	157
91	397
395	795
250	645
551	919
283	683
441	835
881	1105
86	386
963	1140
91	397
286	687
528	902
324	727
391	791
226	615
212	597
575	935
567	930
360	763
60	324
744	1037
252	647
533	906
732	1031
622	966
123	460
448	840
778	1055
136	483
844	1088
106	428
308	710
48	290
325	728
207	590
932	1127
852	1091
99	414
459	849
735	1032
671	996
584	941
758	1045
969	1142
332	735
309	711
712	1020
330	733
427	823
874	1101
156	516
875	1102
617	963
792	1062
393	793
505	885
28	222
166	531
251	646
345	748
268	666
264	662
254	650
34	244
467	856
57	316
979	1146
989	1150
789	1061
122	458
97	410
448	840
400	800
336	739
181	554
742	1036
901	1113
449	841
729	1029
656	987
549	917
255	651
976	1145
47	287
804	1068
179	551
8	119
878	1103
504	884
738	1034
630	971
756	1044
82	377
419	816
965	1140
512	890
19	183
335	738
431	826
595	948
456	847
831	1081
201	582
833	1082
991	1151
449	841
451	843
903	1114
599	951
355	758
205	588
526	901
571	932
838	1085
595	948
94	403
7	111
900	1113
642	978
699	1012
729	1029
137	484
104	424
299	701
673	997
397	797
943	1131
902	1114
880	1104
695	1010
785	1059
596	949
60	324
419	816
813	1073
922	1123
610	958
21	192
168	534
444	837
210	594
419	816
637	975
596	949
927	1125
111	438
821	1077
977	1145
876	1102
18	178
279	679
992	1151
191	568
202	583
113	441
119	453
984	1148
580	938
740	1035
652	984
579	938
921	1122
523	899
713	1020
105	426
325	728
628	970
459	849
267	665
27	218
29	226
974	1144
735	1032
338	741
903	1114
858	1094
504	884
946	1133
198	578
97	410
961	1139
303	705
751	1041
110	436
42	271
773	1052
272	671
54	307
209	593
857	1094
140	490
970	1142
754	1042
342	745
244	638
403	802
159	520
693	1009
637	975
396	796
64	334
587	943
832	1082
604	954
60	324
350	753
165	530
328	731
565	928
536	908
975	1144
204	586
592	946
546	915
426	822
923	1123
922	1123
114	443
192	570
690	1007
563	927
557	923
399	799
617	963
238	630
516	893
35	248
521	897
479	865
923	1123
514	892
62	329
539	910
549	917
515	893
45	281
491	875
113	441
502	883
367	769
232	623
647	981
222	610
932	1127
600	952
515	893
513	891
153	511
47	287
433	828
550	918
498	880
975	1144
294	695
453	845
735	1032
288	689
301	703
50	296
715	1021
599	951
247	641
426	822
423	820
499	881
761	1046
629	970
27	218
243	636
762	1047
634	973
894	1110
225	614
793	1063
277	677
992	1151
73	356
394	794
571	932
790	1061
802	1067
186	561
91	397
118	451
331	734
326	729
39	262
526	901
543	913
416	814
457	848
969	1142
785	1059
921	1122
62	329
785	1059
720	1024
183	557
733	1031
269	667
444	837
16	168
145	498
52	302
574	934
901	1113
738	1034
416	814
259	656
616	962
48	290
548	916
705	1016
773	1052
232	623
382	783
344	747
220	607
667	994
253	649
730	1030
981	1147
598	950
707	1017
148	503
810	1071
860	1095
523	899
74	359
392	792
221	609
667	994
454	845
365	767
915	1120
675	998
488	872
603	954
439	833
932	1127
438	832
419	816
911	1118
402	801
422	819
667	994
115	445
10	133
567	930
440	834
627	969
684	1004
43	274
260	657
898	1112
329	732
272	671
808	1070
158	519
13	151
401	800
754	1042
533	906
446	839
745	1038
344	747
224	613
938	1129
184	558
547	916
971	1143
789	1061
707	1017
621	965
955	1136
272	671
960	1138
930	1126
454	845
922	1123
191	568
434	829
782	1057
683	1003
834	1083
21	192
718	1023
27	218
101	418
957	1137
594	948
135	481
998	1153
223	611
635	974
516	893
693	1009
194	572
64	334
297	699
629	970
101	418
662	991
489	873
672	996
237	629
713	1020
742	1036
911	1118
820	1076
168	534
647	981
831	1081
802	1067
44	278
418	815
53	304
456	847
728	1028
498	880
795	1064
280	680
842	1087
25	210
775	1053
870	1100
232	623
158	519
338	741
73	356
12	145
265	663
902	1114
490	874
392	792
609	958
711	1019
722	1025
538	909
508	887
659	989
888	1108
585	942
807	1070
801	1067
153	511
349	752
889	1108
773	1052
717	1022
778	1055
396	796
738	1034
185	560
485	870
164	528
574	934
319	722
125	463
205	588
945	1132
430	825
67	342
280	680
765	1048
728	1028
449	841
950	1134
839	1085
238	630
694	1009
979	1146
260	657
702	1014
313	716
820	1076
125	463
797	1065
361	764
497	879
211	596
957	1137
963	1140
3	73
274	673
720	1024
867	1098
246	640
145	498
698	1012
720	1024
840	1086
936	1128
394	794
700	1013
848	1089
785	1059
825	1078
58	318
471	859
144	496
952	1135
606	956
545	914
66	339
718	1023
264	662
93	401
633	973
136	483
864	1097
800	1066
13	151
95	406
259	656
966	1141
540	911
149	504
444	837
393	793
586	942
895	1111
331	734
367	769
281	681
76	364
169	536
991	1151
786	1059
299	701
465	854
380	781
538	909
129	471
73	356
64	334
134	479
232	623
350	753
250	645
454	845
65	337
643	979
968	1142
109	434
682	1002
10	133
141	491
318	721
32	237
920	1122
899	1113
496	878
94	403
973	1144
74	359
11	139
731	1030
89	393
271	670
505	885
208	592
296	698
837	1084
957	1137
15	162
102	420
839	1085
22	197
189	565
36	251
859	1095
933	1127
56	313
752	1041
952	1135
818	1075
440	834
848	1089
160	522
754	1042
977	1145
16	168
974	1144
643	979
392	792
614	961
529	903
78	368
185	560
572	933
599	951
156	516
135	481
814	1073
570	932
937	1129
347	750
895	1111
38	258
732	1031
83	380
856	1093
776	1054
348	751
277	677
225	614
520	896
636	975
704	1015
653	985
391	791
383	784
953	1136
74	359
257	653
596	949
323	726
262	659
380	781
882	1105
925	1124
627	969
543	913
621	965
744	1037
395	795
403	802
991	1151
766	1049
203	585
501	882
567	930
708	1017
444	837
753	1042
253	649
440	834
813	1073
144	496
115	445
378	780
186	561
34	244
261	658
807	1070
120	454
436	831
857	1094
249	644
389	790
715	1021
880	1104
592	946
172	540
967	1141
186	561
187	562
727	1028
697	1011
413	811
143	495
787	1060
276	675
7	111
638	976
927	1125
959	1138
719	1023
561	925
516	893
672	996
711	1019
967	1141
389	790
314	717
580	938
698	1012
472	860
592	946
972	1143
297	699
436	831
39	262
766	1049
304	706
505	885
399	799
797	1065
297	699
346	749
698	1012
133	478
230	620
949	1134
307	709
396	796
691	1008
425	821
352	755
258	655
928	1125
854	1092
688	1006
8	119
645	980
440	834
229	619
676	999
852	1091
740	1035
283	683
947	1133
387	788
817	1075
455	846
613	960
678	1000
544	914
312	715
789	1061
760	1046
12	145
864	1097
934	1128
755	1043
226	615
795	1064
526	901
586	942
218	605
86	386
430	825
982	1147
219	606
193	571
335	738
766	1049
522	898
797	1065
654	986
516	893
963	1140
774	1053
720	1024
591	946
254	650
522	898
990	1150
515	893
531	904
904	1115
906	1116
434	829
830	1081
330	733
592	946
190	567
339	742
354	757
373	775
987	1149
882	1105
408	807
995	1152
513	891
28	222
9	126
50	296
512	890
459	849
513	891
680	1001
539	910
317	720
946	1133
162	525
629	970
898	1112
618	963
456	847
158	519
337	740
857	1094
804	1068
45	281
686	1005
407	806
867	1098
783	1058
55	310
202	583
986	1149
935	1128
873	1101
126	465
105	426
667	994
839	1085
234	625
507	887
173	542
555	921
417	814
84	382
39	262
547	916
638	976
17	173
869	1099
189	565
910	1117
619	964
598	950
690	1007
698	1012
651	984
387	788
606	956
938	1129
759	1045
798	1065
317	720
546	915
803	1068
60	324
840	1086
448	840
761	1046
963	1140
334	737
707	1017
697	1011
972	1143
754	1042
789	1061
472	860
273	672
83	380
90	395
437	831
184	558
807	1070
542	912
695	1010
605	955
310	713
26	214
104	424
491	875
13	151
200	581
436	831
372	774
343	746
594	948
74	359
196	575
29	226
270	669
345	748
881	1105
959	1138
44	278
92	399
517	894
65	337
629	970
6	103
186	561
358	761
462	852
38	258
124	462
352	755
434	829
500	881
762	1047
661	990
651	984
729	1029
293	694
203	585
498	880
963	1140
871	1100
164	528
714	1021
942	1131
61	326
74	359
432	827
203	585
597	950
788	1060
989	1150
524	899
456	847
486	871
994	1152
989	1150
928	1125
101	418
802	1067
613	960
363	766
528	902
755	1043
186	561
774	1053
968	1142
101	418
808	1070
986	1149
192	570
248	643
698	1012
281	681
197	577
266	664
391	791
105	426
38	258
591	946
294	695
151	508
284	684
214	600
33	241
453	845
259	656
834	1083
21	192
405	804
63	332
686	1005
416	814
340	743
239	632
783	1058
298	700
215	601
677	999
822	1077
340	743
208	592
604	954
979	1146
499	881
497	879
128	469
402	801
157	517
959	1138
209	593
297	699
650	983
360	763
631	972
439	833
92	399
317	720
615	961
159	520
415	813
560	925
604	954
362	765
297	699
118	451
654	986
152	509
34	244
774	1053
710	1018
519	896
205	588
576	936
751	1041
650	983
997	1153
719	1023
790	1061
907	1116
200	581
455	846
323	726
344	747
151	508
750	1040
29	226
929	1126
515	893
446	839
553	920
159	520
465	854
97	410
188	564
863	1096
214	600
620	965
771	1051
349	752
540	911
532	905
98	412
993	1151
755	1043
643	979
641	978
828	1080
680	1001
979	1146
576	936
227	616
792	1062
609	958
996	1153
315	718
861	1095
355	758
255	651
915	1120
512	890
898	1112
123	460
844	1088
748	1039
592	946
439	833
379	780
433	828
707	1017
16	168
430	825
639	976
912	1118
57	316
482	868
854	1092
952	1135
235	627
835	1083
884	1106
61	326
949	1134
900	1113
110	436
165	530
604	954
866	1098
628	970
766	1049
963	1140
972	1143
177	548
544	914
612	959
581	939
217	604
686	1005
517	894
496	878
329	732
724	1026
980	1146
235	627
594	948
193	571
803	1068
740	1035
182	555
582	940
332	735
390	791
457	848
150	506
924	1123
885	1106
792	1062
643	979
708	1017
693	1009
949	1134
863	1096
243	636
438	832
960	1138
720	1024
117	449
258	655
967	1141
833	1082
998	1153
797	1065
55	310
575	935
431	826
444	837
23	201
345	748
448	840
198	578
860	1095
567	930
243	636
933	1127
927	1125
980	1146
703	1014
629	970
120	454
116	447
994	1152
932	1127
982	1147
582	940
390	791
680	1001
332	735
506	886
796	1064
60	324
566	929
155	514
75	361
810	1071
465	854
85	384
345	748
505	885
478	865
655	986
640	977
920	1122
926	1124
18	178
266	664
449	841
935	1128
553	920
381	782
935	1128
397	797
135	481
880	1104
767	1049
945	1132
875	1102
819	1076
562	926
133	478
198	578
915	1120
97	410
590	945
66	339
963	1140
847	1089
960	1138
789	1061
682	1002
514	892
237	629
332	735
579	938
890	1109
382	783
720	1024
768	1050
608	957
279	679
571	932
463	853
80	373
599	951
219	606
685	1004
247	641
357	760
302	704
540	911
484	869
772	1052
524	899
736	1033
306	708
479	865
712	1020
573	934
884	1106
589	944
286	687
539	910
432	827
365	767
422	819
650	983
732	1031
603	954
23	201
598	950
828	1080
529	903
924	1123
635	974
921	1122
526	901
74	359
649	983
418	815
554	921
463	853
424	820
615	961
927	1125
476	863
277	677
904	1115
193	571
12	145
43	274
354	757
118	451
98	412
210	594
321	724
327	730
886	1107
444	837
343	746
500	881
376	778
586	942
475	862
540	911
187	562
162	525
490	874
738	1034
195	574
988	1150
562	926
760	1046
527	901
264	662
569	931
687	1005
759	1045
785	1059
866	1098
4	84
326	729
340	743
367	769
853	1092
192	570
113	441
503	884
865	1097
581	939
216	602
265	663
59	321
228	618
133	478
103	422
887	1107
504	884
189	565
564	928
179	551
558	923
86	386
910	1117
127	467
317	720
162	525
4	84
485	870
796	1064
908	1117
911	1118
921	1122
918	1121
264	662
629	970
937	1129
425	821
263	660
561	925
149	504
970	1142
608	957
908	1117
80	373
898	1112
944	1132
887	1107
268	666
452	844
602	953
846	1088
178	549
756	1044
23	201
110	436
927	1125
832	1082
415	813
174	543
888	1108
706	1016
702	1014
289	690
598	950
148	503
471	859
75	361
402	801
427	823
484	869
671	996
826	1079
524	899
403	802
447	840
481	867
546	915
673	997
387	788
51	299
685	1004
811	1072
7	111
357	760
803	1068
592	946
602	953
473	861
106	428
784	1058
761	1046
823	1077
731	1030
383	784
752	1041
53	304
873	1101
706	1016
72	354
480	866
631	972
64	334
841	1086
936	1128
613	960
73	356
106	428
927	1125
868	1099
898	1112
699	1012
850	1090
92	399
135	481
641	978
758	1045
916	1120
407	806
18	178
483	868
546	915
196	575
492	875
900	1113
382	783
343	746
218	605
933	1127
643	979
55	310
534	906
291	692
38	258
379	780
303	705
847	1089
428	824
235	627
997	1153
955	1136
648	982
994	1152
447	840
314	717
914	1119
462	852
531	904
924	1123
328	731
286	687
438	832
423	820
320	723
787	1060
551	919
695	1010
155	514
895	1111
408	807
518	895
340	743
544	914
884	1106
924	1123
303	705
373	775
690	1007
751	1041
994	1152
495	878
872	1101
68	344
222	610
113	441
816	1074
412	810
70	349
56	313
430	825
791	1062
942	1131
292	693
855	1093
804	1068
821	1077
188	564
674	998
950	1134
395	795
349	752
795	1064
408	807
307	709
972	1143
51	299
297	699
737	1033
766	1049
840	1086
905	1115
325	728
847	1089
83	380
41	268
150	506
295	696
900	1113
447	840
992	1151
390	791
448	840
415	813
382	783
641	978
11	139
642	978
983	1148
42	271
326	729
394	794
828	1080
291	692
409	807
403	802
288	689
387	788
257	653
124	462
870	1100
359	762
803	1068
763	1047
206	589
985	1148
214	600
196	575
617	963
381	782
733	1031
930	1126
647	981
886	1107
418	815
572	933
712	1020
109	434
636	975
585	942
463	853
50	296
729	1029
60	324
368	770
184	558
212	597
368	770
203	585
933	1127
544	914
188	564
621	965
7	111
282	682
103	422
582	940
471	859
218	605
580	938
573	934
185	560
458	849
903	1114
734	1032
818	1075
701	1013
662	991
364	766
872	1101
457	848
193	571
190	567
837	1084
165	530
978	1146
765	1048
412	810
835	1083
877	1103
556	922
666	993
30	230
184	558
391	791
101	418
997	1153
460	850
100	416
688	1006
166	531
305	707
964	1140
533	906
11	139
149	504
226	615
872	1101
423	820
894	1110
90	395
146	500
18	178
651	984
715	1021
252	647
824	1078
326	729
829	1080
823	1077
718	1023
668	994
331	734
762	1047
909	1117
178	549
2	59
427	823
308	710
946	1133
31	233
420	817
561	925
964	1140
637	975
367	769
288	689
637	975
804	1068
282	682
170	537
250	645
658	988
36	251
407	806
109	434
182	555
269	667
636	975
183	557
15	162
481	867
973	1144
348	751
689	1006
621	965
588	944
266	664
319	722
816	1074
159	520
753	1042
345	748
283	683
325	728
787	1060
152	509
961	1139
353	756
149	504
765	1048
215	601
877	1103
612	959
573	934
404	803
656	987
225	614
967	1141
714	1021
240	633
373	775
819	1076
147	501
808	1070
132	476
164	528
492	875
211	596
854	1092
71	352
124	462
118	451
497	879
394	794
181	554
873	1101
888	1108
221	609
386	787
614	961
662	991
787	1060
375	777
920	1122
787	1060
705	1016
956	1137
941	1131
141	491
414	812
282	682
692	1008
232	623
489	873
795	1064
807	1070
974	1144
710	1018
397	797
570	932
151	508
288	689
360	763
849	1090
250	645
216	602
267	665
925	1124
649	983
876	1102
714	1021
672	996
449	841
208	592
218	605
371	773
159	520
840	1086
171	539
807	1070
739	1034
299	701
197	577
968	1142
976	1145
537	909
275	674
235	627
474	861
14	157
698	1012
449	841
974	1144
844	1088
242	635
385	786
300	702
52	302
459	849
114	443
328	731
549	917
257	653
613	960
276	675
19	183
81	375
207	590
304	706
129	471
617	963
892	1110
442	836
742	1036
651	984
381	782
701	1013
684	1004
705	1016
786	1059
886	1107
252	647
378	780
64	334
409	807
882	1105
156	516
956	1137
768	1050
766	1049
639	976
966	1141
84	382
361	764
888	1108
687	1005
633	973
316	719
218	605
258	655
406	805
404	803
766	1049
926	1124
698	1012
200	581
340	743
665	992
168	534
600	952
607	956
14	157
155	514
808	1070
541	911
640	977
746	1038
474	861
420	817
556	922
837	1084
535	907
102	420
43	274
701	1013
670	995
565	928
68	344
863	1096
715	1021
463	853
78	368
641	978
865	1097
962	1139
36	251
963	1140
848	1089
376	778
630	971
383	784
215	601
772	1052
310	713
98	412
978	1146
523	899
911	1118
312	715
468	857
236	628
240	633
842	1087
502	883
704	1015
983	1148
683	1003
542	912
665	992
470	858
806	1069
384	785
30	230
713	1020
530	904
568	930
229	619
918	1121
598	950
45	281
352	755
955	1136
508	887
336	739
216	602
210	594
257	653
626	968
508	887
583	940
283	683
433	828
75	361
160	522
89	393
235	627
253	649
228	618
670	995
824	1078
445	838
324	727
814	1073
987	1149
705	1016
565	928
791	1062
586	942
416	814
860	1095
729	1029
305	707
722	1025
719	1023
558	923
835	1083
636	975
90	395
618	963
712	1020
465	854
359	762
643	979
919	1121
41	268
44	278
649	983
909	1117
589	944
889	1108
895	1111
788	1060
248	643
511	890
512	890
429	825
231	622
577	936
874	1101
669	995
65	337
494	877
30	230
171	539
400	800
676	999
893	1110
744	1037
478	865
702	1014
284	684
717	1022
344	747
111	438
520	896
936	1128
494	877
700	1013
410	808
943	1131
984	1148
590	945
420	817
626	968
978	1146
533	906
690	1007
733	1031
856	1093
453	845
578	937
179	551
738	1034
348	751
699	1012
771	1051
257	653
713	1020
97	410
911	1118
519	896
399	799
15	162
512	890
787	1060
255	651
619	964
738	1034
642	978
433	828
461	851
590	945
807	1070
275	674
239	632
378	780
651	984
255	651
246	640
258	655
604	954
953	1136
815	1074
387	788
170	537
718	1023
10	133
410	808
597	950
543	913
826	1079
680	1001
168	534
83	380
435	830
384	785
497	879
983	1148
378	780
71	352
526	901
313	716
88	391
219	606
40	265
760	1046
871	1100
492	875
579	938
310	713
138	486
702	1014
756	1044
766	1049
409	807
172	540
305	707
45	281
578	937
54	307
484	869
228	618
681	1002
611	959
864	1097
668	994
336	739
551	919
121	456
464	853
343	746
190	567
192	570
14	157
213	598
974	1144
477	864
70	349
932	1127
281	681
394	794
360	763
968	1142
544	914
830	1081
274	673
624	967
688	1006
983	1148
664	992
27	218
753	1042
38	258
977	1145
820	1076
337	740
151	508
552	919
766	1049
652	984
805	1069
896	1111
681	1002
927	1125
210	594
15	162
802	1067
224	613
116	447
923	1123
78	368
64	334
577	936
983	1148
351	754
576	936
540	911
70	349
548	916
807	1070
500	881
303	705
733	1031
889	1108
292	693
975	1144
365	767
217	604
661	990
497	879
862	1096
439	833
189	565
649	983
431	826
778	1055
610	958
315	718
721	1025
104	424
775	1053
433	828
637	975
280	680
486	871
50	296
319	722
62	329
412	810
787	1060
38	258
143	495
417	814
9	126
369	771
888	1108
252	647
941	1131
778	1055
962	1139
362	765
630	971
55	310
449	841
487	871
730	1030
259	656
960	1138
930	1126
356	759
841	1086
438	832
661	990
527	901
265	663
331	734
419	816
545	914
280	680
499	881
512	890
488	872
980	1146
921	1122
52	302
529	903
413	811
125	463
936	1128
658	988
445	838
62	329
254	650
199	579
432	827
104	424
76	364
42	271
469	857
615	961
273	672
610	958
898	1112
810	1071
215	601
412	810
331	734
400	800
167	533
364	766
835	1083
357	760
831	1081
621	965
64	334
398	798
655	986
644	980
579	938
272	671
718	1023
952	1135
989	1150
988	1150
201	582
348	751
363	766
30	230
581	939
147	501
931	1126
585	942
639	976
675	998
724	1026
900	1113
155	514
530	904
577	936
119	453
898	1112
308	710
910	1117
150	506
297	699
938	1129
865	1097
676	999
128	469
843	1087
498	880
385	786
432	827
686	1005
266	664
148	503
564	928
102	420
847	1089
865	1097
40	265
284	684
574	934
252	647
53	304
48	290
151	508
788	1060
794	1063
193	571
629	970
680	1001
892	1110
759	1045
459	849
869	1099
582	940
623	966
847	1089
13	151
729	1029
670	995
321	724
608	957
133	478
917	1120
157	517
511	890
981	1147
259	656
852	1091
811	1072
879	1104
958	1138
247	641
786	1059
361	764
690	1007
604	954
818	1075
557	923
655	986
294	695
508	887
245	639
446	839
360	763
817	1075
879	1104
36	251
162	525
272	671
265	663
326	729
178	549
254	650
189	565
419	816
140	490
83	380
590	945
557	923
195	574
211	596
137	484
783	1058
268	666
810	1071
653	985
671	996
769	1050
375	777
226	615
45	281
835	1083
657	988
77	366
58	318
703	1014
468	857
50	296
18	178
586	942
885	1106
320	723
250	645
300	702
273	672
872	1101
313	716
208	592
714	1021
94	403
35	248
698	1012
33	241
374	776
953	1136
471	859
412	810
119	453
865	1097
184	558
513	891
587	943
740	1035
751	1041
257	653
469	857
362	765
455	846
581	939
825	1078
455	846
439	833
540	911
870	1100
378	780
712	1020
107	430
159	520
768	1050
210	594
98	412
693	1009
428	824
250	645
925	1124
966	1141
906	1116
631	972
48	290
1	42
63	332
320	723
322	725
439	833
282	682
215	601
786	1059
787	1060
758	1045
920	1122
477	864
714	1021
413	811
698	1012
317	720
92	399
661	990
420	817
738	1034
200	581
799	1066
753	1042
997	1153
275	674
362	765
548	916
56	313
241	634
268	666
684	1004
431	826
682	1002
249	644
641	978
729	1029
470	858
937	1129
444	837
638	976
745	1038
870	1100
938	1129
386	787
143	495
523	899
89	393
905	1115
448	840
854	1092
337	740
424	820
61	326
798	1065
613	960
474	861
280	680
508	887
807	1070
512	890
656	987
694	1009
574	934
847	1089
642	978
191	568
571	932
278	678
800	1066
616	962
854	1092
572	933
718	1023
274	673
461	851
493	876
783	1058
641	978
30	230
206	589
676	999
146	500
296	698
108	432
900	1113
508	887
757	1044
697	1011
421	818
659	989
147	501
263	660
585	942
632	972
701	1013
578	937
897	1112
833	1082
374	776
521	897
621	965
719	1023
654	986
156	516
457	848
562	926
634	973
167	533
562	926
767	1049
192	570
974	1144
398	798
482	868
792	1062
382	783
887	1107
380	781
692	1008
130	472
256	652
61	326
776	1054
675	998
550	918
50	296
298	700
334	737
367	769
768	1050
650	983
562	926
270	669
590	945
179	551
990	1150
292	693
599	951
543	913
823	1077
176	546
469	857
671	996
407	806
472	860
318	721
825	1078
783	1058
261	658
363	766
951	1135
973	1144
147	501
611	959
142	493
358	761
421	818
316	719
587	943
965	1140
437	831
154	513
983	1148
329	732
41	268
125	463
604	954
379	780
479	865
55	310
366	768
629	970
922	1123
627	969
379	780
851	1091
297	699
111	438
170	537
517	894
126	465
442	836
215	601
883	1106
652	984
70	349
405	804
447	840
8	119
102	420
506	886
958	1138
609	958
553	920
966	1141
239	632
384	785
53	304
163	527
321	724
352	755
196	575
406	805
953	1136
326	729
794	1063
924	1123
569	931
225	614
956	1137
46	284
994	1152
875	1102
314	717
389	790
178	549
661	990
781	1057
301	703
678	1000
14	157
89	393
870	1100
969	1142
781	1057
188	564
374	776
50	296
298	700
68	344
975	1144
714	1021
320	723
941	1131
415	813
75	361
510	889
352	755
346	749
673	997
696	1010
252	647
146	500
612	959
562	926
625	968
535	907
740	1035
965	1140
304	706
847	1089
555	921
983	1148
748	1039
326	729
910	1117
480	866
194	572
662	991
948	1133
591	946
644	980
496	878
869	1099
488	872
362	765
641	978
275	674
400	800
351	754
62	329
964	1140
823	1077
409	807
951	1135
877	1103
916	1120
945	1132
727	1028
336	739
212	597
311	714
25	210
430	825
380	781
518	895
700	1013
949	1134
609	958
357	760
24	205
572	933
567	930
284	684
119	453
833	1082
415	813
387	788
436	831
721	1025
158	519
598	950
422	819
736	1033
700	1013
442	836
830	1081
716	1022
314	717
825	1078
860	1095
510	889
603	954
450	842
965	1140
960	1138
467	856
9	126
768	1050
367	769
162	525
293	694
595	948
330	733
994	1152
156	516
498	880
440	834
380	781
64	334
536	908
622	966
511	890
909	1117
892	1110
150	506
225	614
504	884
461	851
305	707
187	562
185	560
974	1144
566	929
424	820
417	814
210	594
7	111
158	519
516	893
424	820
434	829
843	1087
192	570
799	1066
494	877
24	205
228	618
275	674
449	841
857	1094
441	835
326	729
992	1151
171	539
732	1031
79	371
511	890
468	857
545	914
582	940
972	1143
766	1049
905	1115
653	985
392	792
220	607
532	905
608	957
925	1124
771	1051
583	940
637	975
152	509
898	1112
943	1131
381	782
800	1066
42	271
76	364
280	680
125	463
597	950
654	986
756	1044
985	1148
586	942
275	674
679	1001
162	525
967	1141
134	479
824	1078
901	1113
205	588
89	393
761	1046
916	1120
392	792
100	416
167	533
577	936
60	324
698	1012
88	391
840	1086
272	671
107	430
515	893
256	652
886	1107
788	1060
731	1030
498	880
40	265
984	1148
732	1031
480	866
124	462
842	1087
796	1064
535	907
89	393
240	633
283	683
749	1040
16	168
185	560
314	717
50	296
355	758
751	1041
63	332
795	1064
680	1001
790	1061
351	754
514	892
670	995
394	794
74	359
327	730
158	519
300	702
611	959
417	814
523	899
766	1049
149	504
293	694
466	855
545	914
598	950
278	678
738	1034
222	610
239	632
578	937
197	577
610	958
505	885
731	1030
909	1117
687	1005
729	1029
43	274
207	590
633	973
660	989
246	640
714	1021
526	901
155	514
915	1120
393	793
477	864
392	792
451	843
804	1068
623	966
567	930
832	1082
850	1090
521	897
573	934
127	467
786	1059
87	388
492	875
710	1018
557	923
506	886
284	684
982	1147
870	1100
843	1087
331	734
177	548
377	779
581	939
206	589
660	989
950	1134
942	1131
925	1124
262	659
246	640
270	669
482	868
647	981
453	845
909	1117
962	1139
537	909
646	981
57	316
306	708
802	1067
770	1051
365	767
18	178
663	991
73	356
139	488
621	965
834	1083
966	1141
547	916
575	935
989	1150
870	1100
441	835
189	565
228	618
233	624
74	359
328	731
919	1121
199	579
382	783
937	1129
613	960
308	710
55	310
278	678
769	1050
125	463
337	740
851	1091
519	896
440	834
127	467
18	178
295	696
975	1144
476	863
259	656
105	426
645	980
975	1144
875	1102
904	1115
839	1085
84	382
833	1082
831	1081
739	1034
586	942
996	1153
414	812
564	928
87	388
270	669
453	845
931	1126
837	1084
3	73
606	956
207	590
392	792
450	842
543	913
582	940
742	1036
802	1067
565	928
585	942
461	851
742	1036
954	1136
91	397
575	935
929	1126
640	977
106	428
448	840
370	772
931	1126
940	1130
878	1103
185	560
291	692
67	342
176	546
391	791
375	777
537	909
608	957
250	645
322	725
60	324
320	723
318	721
632	972
90	395
424	820
372	774
146	500
278	678
718	1023
54	307
429	825
561	925
699	1012
952	1135
679	1001
873	1101
965	1140
473	861
370	772
844	1088
687	1005
919	1121
118	451
221	609
305	707
246	640
155	514
438	832
734	1032
857	1094
651	984
964	1140
521	897
239	632
828	1080
966	1141
758	1045
71	352
364	766
550	918
351	754
523	899
499	881
277	677
556	922
888	1108
100	416
146	500
89	393
412	810
251	646
684	1004
523	899
639	976
943	1131
251	646
363	766
282	682
161	524
282	682
249	644
186	561
795	1064
791	1062
625	968
125	463
906	1116
569	931
777	1054
43	274
932	1127
345	748
824	1078
526	901
178	549
889	1108
960	1138
418	815
334	737
511	890
261	658
77	366
910	1117
682	1002
452	844
223	611
775	1053
467	856
340	743
203	585
346	749
782	1057
871	1100
452	844
569	931
694	1009
913	1119
896	1111
98	412
379	780
656	987
360	763
827	1079
999	1154
586	942
917	1120
332	735
484	869
465	854
284	684
719	1023
791	1062
554	921
547	916
795	1064
680	1001
649	983
521	897
268	666
135	481
877	1103
913	1119
796	1064
128	469
482	868
455	846
61	326
463	853
474	861
456	847
668	994
188	564
914	1119
6	103
79	371
504	884
715	1021
322	725
975	1144
982	1147
638	976
887	1107
423	820
994	1152
454	845
285	685
442	836
909	1117
353	756
436	831
272	671
374	776
663	991
852	1091
849	1090
786	1059
913	1119
219	606
128	469
988	1150
35	248
990	1150
864	1097
629	970
401	800
773	1052
538	909
165	530
133	478
979	1146
253	649
271	670
663	991
436	831
580	938
745	1038
395	795
245	639
531	904
257	653
254	650
743	1037
802	1067
384	785
745	1038
764	1048
576	936
194	572
652	984
712	1020
168	534
380	781
411	809
280	680
967	1141
836	1084
852	1091
534	906
539	910
684	1004
775	1053
858	1094
565	928
367	769
500	881
658	988
287	688
810	1071
656	987
531	904
447	840
812	1072
968	1142
300	702
58	318
285	685
459	849
154	513
961	1139
330	733
459	849
958	1138
390	791
127	467
52	302
128	469
303	705
563	927
404	803
199	579
82	377
463	853
865	1097
734	1032
71	352
487	871
253	649
481	867
617	963
302	704
125	463
381	782
100	416
246	640
597	950
275	674
112	439
166	531
621	965
524	899
508	887
529	903
894	1110
822	1077
875	1102
581	939
661	990
733	1031
642	978
608	957
87	388
170	537
327	730
693	1009
619	964
775	1053
291	692
325	728
211	596
569	931
785	1059
86	386
618	963
956	1137
668	994
647	981
686	1005
994	1152
916	1120
745	1038
575	935
420	817
113	441
335	738
758	1045
54	307
550	918
582	940
678	1000
991	1151
919	1121
109	434
54	307
174	543
706	1016
590	945
101	418
94	403
433	828
307	709
684	1004
826	1079
342	745
745	1038
519	896
145	498
942	1131
967	1141
900	1113
594	948
462	852
951	1135
505	885
137	484
328	731
740	1035
89	393
904	1115
783	1058
234	625
320	723
110	436
509	888
849	1090
306	708
835	1083
540	911
962	1139
287	688
857	1094
522	898
335	738
226	615
460	850
818	1075
575	935
628	970
930	1126
890	1109
735	1032
557	923
340	743
855	1093
297	699
68	344
234	625
762	1047
856	1093
545	914
987	1149
293	694
946	1133
881	1105
378	780
430	825
316	719
386	787
41	268
915	1120
561	925
562	926
17	173
196	575
275	674
995	1152
15	162
380	781
24	205
218	605
561	925
480	866
622	966
843	1087
206	589
53	304
798	1065
230	620
74	359
277	677
740	1035
461	851
662	991
755	1043
380	781
659	989
899	1113
82	377
543	913
285	685
40	265
185	560
883	1106
548	916
191	568
73	356
470	858
745	1038
852	1091
60	324
100	416
816	1074
557	923
416	814
739	1034
701	1013
618	963
770	1051
118	451
969	1142
910	1117
107	430
774	1053
405	804
196	575
638	976
26	214
428	824
890	1109
87	388
40	265
965	1140
224	613
77	366
993	1151
375	777
322	725
960	1138
696	1010
771	1051
1	42
187	562
99	414
381	782
646	981
138	486
624	967
979	1146
559	924
685	1004
497	879
579	938
199	579
635	974
80	373
177	548
546	915
991	1151
619	964
134	479
237	629
46	284
352	755
137	484
458	849
958	1138
202	583
146	500
34	244
745	1038
970	1142
17	173
936	1128
431	826
485	870
155	514
244	638
791	1062
412	810
797	1065
485	870
574	934
999	1154
366	768
813	1073
925	1124
425	821
369	771
1	42
703	1014
535	907
248	643
974	1144
608	957
280	680
554	921
684	1004
70	349
253	649
269	667
6	103
140	490
266	664
148	503
544	914
826	1079
387	788
529	903
327	730
229	619
999	1154
867	1098
556	922
293	694
152	509
369	771
929	1126
385	786
697	1011
5	94
905	1115
212	597
94	403
930	1126
716	1022
43	274
255	651
670	995
80	373
21	192
996	1153
808	1070
673	997
689	1006
97	410
586	942
313	716
226	615
4	84
311	714
568	930
630	971
634	973
94	403
780	1056
730	1030
557	923
525	900
770	1051
231	622
48	290
518	895
707	1017
840	1086
72	354
916	1120
255	651
497	879
628	970
54	307
837	1084
193	571
38	258
283	683
8	119
392	792
816	1074
356	759
891	1109
153	511
335	738
309	711
253	649
321	724
715	1021
196	575
70	349
669	995
572	933
920	1122
503	884
807	1070
542	912
914	1119
566	929
82	377
533	906
911	1118
63	332
89	393
985	1148
931	1126
435	830
419	816
131	474
494	877
700	1013
889	1108
366	768
947	1133
742	1036
486	871
6	103
292	693
784	1058
102	420
99	414
7	111
800	1066
919	1121
47	287
75	361
978	1146
578	937
419	816
931	1126
873	1101
58	318
870	1100
129	471
932	1127
579	938
549	917
764	1048
362	765
804	1068
467	856
610	958
470	858
149	504
355	758
30	230
531	904
481	867
872	1101
986	1149
712	1020
717	1022
779	1056
213	598
804	1068
646	981
69	347
839	1085
90	395
86	386
976	1145
320	723
686	1005
984	1148
697	1011
628	970
542	912
703	1014
673	997
216	602
802	1067
274	673
535	907
349	752
412	810
587	943
335	738
796	1064
656	987
234	625
21	192
457	848
636	975
590	945
10	133
776	1054
753	1042
276	675
573	934
674	998
583	940
13	151
947	1133
936	1128
476	863
444	837
480	866
78	368
814	1073
365	767
771	1051
673	997
828	1080
287	688
829	1080
305	707
848	1089
930	1126
50	296
503	884
759	1045
169	536
445	838
744	1037
494	877
881	1105
168	534
495	878
567	930
112	439
978	1146
86	386
58	318
902	1114
862	1096
93	401
980	1146
94	403
602	953
513	891
522	898
390	791
580	938
318	721
670	995
794	1063
591	946
653	985
433	828
756	1044
892	1110
983	1148
783	1058
791	1062
385	786
358	761
38	258
935	1128
757	1044
658	988
678	1000
706	1016
313	716
546	915
481	867
561	925
656	987
823	1077
476	863
703	1014
463	853
628	970
364	766
240	633
325	728
776	1054
738	1034
883	1106
803	1068
889	1108
887	1107
584	941
973	1144
66	339
599	951
290	691
7	111
397	797
354	757
918	1121
977	1145
434	829
670	995
898	1112
867	1098
222	610
782	1057
150	506
145	498
108	432
517	894
622	966
375	777
295	696
395	795
357	760
797	1065
773	1052
358	761
162	525
883	1106
421	818
578	937
534	906
702	1014
161	524
601	952
364	766
985	1148
157	517
115	445
448	840
668	994
285	685
959	1138
768	1050
312	715
194	572
183	557
757	1044
873	1101
677	999
976	1145
466	855
130	472
98	412
623	966
587	943
939	1130
606	956
916	1120
871	1100
966	1141
185	560
426	822
7	111
437	831
261	658
205	588
108	432
406	805
180	552
274	673
348	751
351	754
949	1134
905	1115
500	881
113	441
6	103
566	929
71	352
1000	1154
595	948
300	702
413	811
480	866
77	366
328	731
700	1013
865	1097
220	607
179	551
555	921
476	863
358	761
663	991
49	293
836	1084
340	743
209	593
10	133
654	986
403	802
485	870
449	841
640	977
616	962
485	870
751	1041
477	864
299	701
386	787
666	993
974	1144
44	278
736	1033
590	945
826	1079
329	732
422	819
455	846
966	1141
606	956
555	921
588	944
126	465
90	395
914	1119
918	1121
34	244
840	1086
182	555
558	923
369	771
859	1095
334	737
530	904
873	1101
88	391
58	318
503	884
995	1152
647	981
803	1068
320	723
411	809
690	1007
118	451
901	1113
518	895
516	893
241	634
476	863
291	692
299	701
948	1133
324	727
362	765
159	520
777	1054
84	382
519	896
888	1108
941	1131
872	1101
95	406
458	849
468	857
988	1150
232	623
484	869
919	1121
798	1065
957	1137
964	1140
481	867
711	1019
72	354
580	938
149	504
58	318
22	197
168	534
546	915
148	503
238	630
661	990
487	871
554	921
249	644
763	1047
678	1000
45	281
27	218
660	989
404	803
24	205
304	706
226	615
167	533
496	878
311	714
572	933
6	103
763	1047
330	733
513	891
188	564
505	885
972	1143
90	395
421	818
118	451
153	511
252	647
319	722
125	463
760	1046
251	646
202	583
422	819
740	1035
760	1046
384	785
320	723
110	436
428	824
421	818
903	1114
684	1004
738	1034
895	1111
614	961
5	94
600	952
510	889
630	971
490	874
430	825
421	818
45	281
646	981
596	949
935	1128
631	972
7	111
240	633
650	983
592	946
586	942
822	1077
991	1151
656	987
970	1142
933	1127
679	1001
789	1061
689	1006
40	265
223	611
59	321
580	938
402	801
932	1127
615	961
250	645
152	509
407	806
479	865
622	966
323	726
882	1105
203	585
568	930
299	701
177	548
471	859
616	962
620	965
762	1047
302	704
243	636
924	1123
60	324
824	1078
466	855
994	1152
947	1133
52	302
498	880
848	1089
890	1109
342	745
102	420
962	1139
975	1144
218	605
855	1093
157	517
658	988
782	1057
84	382
264	662
933	1127
491	875
345	748
365	767
821	1077
805	1069
868	1099
80	373
719	1023
766	1049
699	1012
782	1057
771	1051
222	610
214	600
143	495
132	476
757	1044
283	683
661	990
630	971
919	1121
860	1095
194	572
774	1053
238	630
538	909
861	1095
797	1065
971	1143
934	1128
157	517
133	478
494	877
18	178
284	684
385	786
280	680
931	1126
548	916
169	536
8	119
673	997
317	720
795	1064
10	133
389	790
485	870
91	397
673	997
842	1087
197	577
11	139
438	832
429	825
755	1043
563	927
797	1065
757	1044
74	359
722	1025
919	1121
410	808
314	717
330	733
154	513
617	963
774	1053
351	754
994	1152
294	695
849	1090
984	1148
580	938
400	800
248	643
652	984
741	1036
896	1111
762	1047
22	197
542	912
865	1097
514	892
826	1079
931	1126
609	958
939	1130
333	736
902	1114
214	600
610	958
103	422
512	890
42	271
648	982
676	999
681	1002
455	846
77	366
998	1153
146	500
715	1021
565	928
236	628
602	953
701	1013
942	1131
935	1128
445	838
333	736
304	706
759	1045
742	1036
503	884
339	742
737	1033
334	737
776	1054
4	84
971	1143
834	1083
455	846
7	111
294	695
720	1024
549	917
70	349
131	474
306	708
101	418
576	936
398	798
369	771
148	503
578	937
142	493
546	915
689	1006
585	942
962	1139
100	416
950	1134
229	619
612	959
144	496
916	1120
560	925
730	1030
327	730
962	1139
860	1095
367	769
31	233
959	1138
848	1089
270	669
46	284
123	460
747	1039
63	332
420	817
433	828
23	201
23	201
77	366
808	1070
47	287
28	222
44	278
612	959
664	992
886	1107
593	947
841	1086
571	932
487	871
764	1048
136	483
849	1090
523	899
382	783
680	1001
109	434
129	471
470	858
150	506
597	950
359	762
954	1136
564	928
497	879
521	897
457	848
261	658
634	973
674	998
511	890
919	1121
772	1052
456	847
609	958
783	1058
964	1140
228	618
604	954
728	1028
657	988
311	714
394	794
732	1031
270	669
198	578
372	774
176	546
966	1141
511	890
136	483
76	364
455	846
713	1020
612	959
32	237
159	520
63	332
200	581
848	1089
433	828
501	882
616	962
17	173
113	441
545	914
911	1118
489	873
115	445
99	414
453	845
570	932
55	310
564	928
722	1025
438	832
24	205
842	1087
736	1033
140	490
527	901
906	1116
348	751
185	560
68	344
804	1068
196	575
304	706
757	1044
211	596
490	874
890	1109
285	685
58	318
607	956
758	1045
62	329
735	1032
624	967
802	1067
470	858
506	886
452	844
335	738
485	870
239	632
140	490
408	807
285	685
239	632
729	1029
19	183
57	316
243	636
817	1075
534	906
102	420
833	1082
938	1129
754	1042
108	432
340	743
61	326
35	248
892	1110
255	651
620	965
102	420
339	742
530	904
227	616
426	822
182	555
571	932
634	973
271	670
180	552
542	912
744	1037
369	771
775	1053
46	284
657	988
660	989
834	1083
816	1074
913	1119
89	393
531	904
990	1150
71	352
736	1033
450	842
362	765
426	822
332	735
176	546
942	1131
215	601
58	318
753	1042
786	1059
728	1028
513	891
249	644
837	1084
869	1099
962	1139
26	214
682	1002
967	1141
936	1128
716	1022
117	449
647	981
49	293
267	665
347	750
75	361
356	759
93	401
989	1150
49	293
737	1033
528	902
853	1092
130	472
811	1072
96	408
870	1100
736	1033
224	613
654	986
983	1148
591	946
391	791
721	1025
73	356
479	865
128	469
513	891
452	844
992	1151
655	986
286	687
285	685
764	1048
882	1105
917	1120
339	742
312	715
614	961
291	692
261	658
266	664
637	975
159	520
93	401
212	597
578	937
36	251
911	1118
399	799
10	133
180	552
634	973
224	613
964	1140
565	928
461	851
879	1104
690	1007
527	901
75	361
674	998
190	567
396	796
327	730
438	832
717	1022
727	1028
424	820
438	832
310	713
77	366
254	650
153	511
284	684
726	1027
130	472
288	689
455	846
916	1120
145	498
124	462
167	533
938	1129
433	828
196	575
153	511
101	418
410	808
549	917
206	589
886	1107
23	201
23	201
779	1056
614	961
266	664
334	737
379	780
281	681
730	1030
102	420
126	465
387	788
456	847
366	768
630	971
517	894
292	693
837	1084
604	954
456	847
197	577
800	1066
775	1053
960	1138
86	386
897	1112
876	1102
345	748
681	1002
25	210
62	329
661	990
392	792
350	753
311	714
476	863
758	1045
141	491
693	1009
507	887
513	891
497	879
894	1110
941	1131
627	969
65	337
483	868
268	666
76	364
406	805
752	1041
648	982
609	958
937	1129
194	572
678	1000
744	1037
121	456
319	722
210	594
777	1054
635	974
81	375
532	905
190	567
927	1125
307	709
583	940
571	932
905	1115
945	1132
53	304
590	945
798	1065
540	911
603	954
183	557
922	1123
523	899
99	414
889	1108
768	1050
819	1076
604	954
894	1110
113	441
984	1148
940	1130
895	1111
603	954
681	1002
430	825
434	829
611	959
887	1107
884	1106
481	867
555	921
405	804
85	384
849	1090
412	810
561	925
871	1100
551	919
220	607
777	1054
414	812
660	989
281	681
415	813
994	1152
946	1133
364	766
85	384
557	923
141	491
799	1066
977	1145
866	1098
979	1146
239	632
378	780
647	981
187	562
1	42
936	1128
739	1034
609	958
152	509
935	1128
848	1089
416	814
285	685
332	735
473	861
670	995
173	542
814	1073
69	347
923	1123
287	688
406	805
322	725
9	126
123	460
638	976
826	1079
533	906
219	606
373	775
96	408
916	1120
284	684
562	926
987	1149
95	406
14	157
164	528
682	1002
167	533
392	792
224	613
575	935
512	890
596	949
914	1119
284	684
586	942
192	570
385	786
423	820
507	887
514	892
319	722
969	1142
397	797
883	1106
367	769
290	691
782	1057
821	1077
341	744
7	111
674	998
805	1069
793	1063
788	1060
771	1051
752	1041
491	875
858	1094
929	1126
225	614
584	941
737	1033
274	673
33	241
939	1130
662	991
442	836
861	1095
884	1106
206	589
947	1133
684	1004
276	675
153	511
198	578
694	1009
582	940
239	632
176	546
901	1113
176	546
894	1110
734	1032
455	846
439	833
1	42
344	747
921	1122
886	1107
882	1105
465	854
637	975
559	924
176	546
292	693
797	1065
983	1148
601	952
992	1151
981	1147
102	420
289	690
597	950
60	324
804	1068
376	778
461	851
299	701
485	870
16	168
891	1109
196	575
894	1110
12	145
590	945
235	627
229	619
330	733
503	884
608	957
803	1068
201	582
542	912
587	943
325	728
907	1116
976	1145
238	630
151	508
108	432
964	1140
14	157
55	310
632	972
832	1082
338	741
791	1062
8	119
576	936
426	822
667	994
694	1009
399	799
384	785
454	845
235	627
820	1076
618	963
65	337
575	935
86	386
349	752
20	188
889	1108
152	509
459	849
874	1101
899	1113
229	619
470	858
977	1145
431	826
636	975
970	1142
791	1062
380	781
44	278
278	678
422	819
472	860
353	756
339	742
640	977
839	1085
421	818
507	887
179	551
210	594
631	972
122	458
405	804
889	1108
959	1138
736	1033
600	952
937	1129
855	1093
13	151
831	1081
646	981
691	1008
291	692
79	371
674	998
385	786
487	871
38	258
867	1098
674	998
952	1135
599	951
1	42
110	436
598	950
332	735
716	1022
747	1039
347	750
498	880
954	1136
695	1010
805	1069
656	987
942	1131
313	716
770	1051
199	579
58	318
275	674
657	988
107	430
477	864
130	472
327	730
231	622
733	1031
788	1060
431	826
597	950
710	1018
968	1142
16	168
764	1048
593	947
41	268
547	916
31	233
934	1128
75	361
266	664
900	1113
185	560
412	810
770	1051
26	214
360	763
180	552
177	548
913	1119
506	886
860	1095
688	1006
5	94
65	337
322	725
369	771
251	646
201	582
227	616
913	1119
698	1012
230	620
952	1135
431	826
379	780
945	1132
73	356
843	1087
649	983
115	445
300	702
111	438
505	885
280	680
142	493
537	909
339	742
357	760
856	1093
294	695
758	1045
818	1075
667	994
976	1145
295	696
89	393
620	965
337	740
138	486
68	344
936	1128
5	94
631	972
954	1136
248	643
795	1064
94	403
346	749
406	805
116	447
899	1113
669	995
174	543
634	973
426	822
544	914
421	818
970	1142
819	1076
407	806
589	944
618	963
231	622
755	1043
886	1107
739	1034
784	1058
221	609
190	567
503	884
892	1110
808	1070
426	822
883	1106
627	969
386	787
338	741
358	761
884	1106
314	717
904	1115
328	731
787	1060
635	974
833	1082
116	447
630	971
631	972
778	1055
117	449
730	1030
701	1013
419	816
748	1039
426	822
804	1068
159	520
344	747
272	671
781	1057
170	537
627	969
834	1083
899	1113
1	42
124	462
606	956
278	678
445	838
471	859
445	838
675	998
807	1070
606	956
211	596
389	790
869	1099
955	1136
364	766
703	1014
179	551
723	1026
281	681
583	940
803	1068
172	540
73	356
653	985
573	934
607	956
7	111
841	1086
78	368
358	761
130	472
791	1062
365	767
318	721
944	1132
462	852
321	724
126	465
273	672
780	1056
188	564
830	1081
274	673
851	1091
738	1034
232	623
958	1138
967	1141
210	594
890	1109
86	386
837	1084
627	969
386	787
66	339
981	1147
448	840
536	908
54	307
945	1132
500	881
134	479
350	753
547	916
254	650
139	488
337	740
706	1016
662	991
179	551
8	119
349	752
597	950
480	866
408	807
126	465
305	707
420	817
659	989
303	705
510	889
68	344
659	989
408	807
901	1113
502	883
439	833
239	632
624	967
579	938
275	674
445	838
563	927
765	1048
868	1099
279	679
277	677
593	947
337	740
130	472
660	989
710	1018
859	1095
222	610
348	751
508	887
869	1099
476	863
832	1082
358	761
612	959
391	791
607	956
887	1107
639	976
454	845
352	755
136	483
15	162
368	770
957	1137
360	763
880	1104
454	845
851	1091
562	926
838	1085
436	831
72	354
450	842
912	1118
71	352
356	759
239	632
64	334
671	996
984	1148
418	815
681	1002
846	1088
537	909
254	650
279	679
752	1041
349	752
565	928
50	296
841	1086
884	1106
600	952
146	500
465	854
136	483
455	846
228	618
594	948
117	449
389	790
179	551
888	1108
217	604
373	775
343	746
728	1028
956	1137
95	406
89	393
329	732
329	732
443	836
308	710
661	990
923	1123
779	1056
781	1057
104	424
504	884
85	384
524	899
423	820
761	1046
615	961
712	1020
571	932
55	310
785	1059
902	1114
75	361
199	579
918	1121
667	994
100	416
559	924
578	937
605	955
556	922
662	991
156	516
373	775
26	214
895	1111
909	1117
423	820
112	439
694	1009
192	570
255	651
529	903
312	715
663	991
325	728
418	815
535	907
916	1120
866	1098
612	959
700	1013
85	384
936	1128
728	1028
675	998
557	923
750	1040
857	1094
465	854
681	1002
793	1063
741	1036
865	1097
752	1041
292	693
548	916
50	296
298	700
48	290
895	1111
322	725
658	988
12	145
1	42
374	776
348	751
989	1150
753	1042
350	753
254	650
854	1092
502	883
509	888
10	133
170	537
257	653
655	986
234	625
812	1072
438	832
409	807
643	979
685	1004
410	808
444	837
226	615
326	729
238	630
842	1087
969	1142
209	593
266	664
839	1085
850	1090
19	183
434	829
560	925
826	1079
933	1127
964	1140
695	1010
423	820
110	436
128	469
972	1143
138	486
242	635
286	687
501	882
94	403
813	1073
523	899
855	1093
382	783
744	1037
523	899
201	582
714	1021
307	709
336	739
568	930
154	513
897	1112
305	707
413	811
449	841
942	1131
979	1146
488	872
91	397
267	665
131	474
992	1151
134	479
377	779
866	1098
464	853
244	638
73	356
543	913
852	1091
103	422
138	486
952	1135
369	771
844	1088
338	741
785	1059
272	671
776	1054
115	445
762	1047
490	874
861	1095
839	1085
796	1064
485	870
205	588
444	837
244	638
605	955
717	1022
881	1105
487	871
419	816
811	1072
678	1000
340	743
481	867
832	1082
144	496
140	490
756	1044
983	1148
946	1133
749	1040
224	613
547	916
332	735
834	1083
623	966
404	803
286	687
516	893
402	801
986	1149
53	304
668	994
109	434
32	237
54	307
181	554
783	1058
114	443
374	776
582	940
263	660
703	1014
735	1032
870	1100
544	914
535	907
333	736
822	1077
989	1150
989	1150
548	916
762	1047
149	504
829	1080
180	552
95	406
167	533
831	1081
293	694
46	284
463	853
338	741
731	1030
639	976
215	601
425	821
586	942
15	162
582	940
921	1122
74	359
778	1055
436	831
848	1089
291	692
648	982
955	1136
463	853
490	874
67	342
951	1135
257	653
994	1152
47	287
990	1150
49	293
995	1152
497	879
673	997
359	762
623	966
472	860
937	1129
35	248
207	590
247	641
826	1079
840	1086
945	1132
656	987
722	1025
82	377
741	1036
473	861
194	572
959	1138
411	809
123	460
475	862
842	1087
38	258
573	934
106	428
171	539
563	927
501	882
645	980
175	545
410	808
327	730
643	979
350	753
291	692
427	823
208	592
655	986
194	572
667	994
790	1061
237	629
964	1140
570	932
763	1047
421	818
407	806
125	463
473	861
565	928
981	1147
533	906
17	173
774	1053
17	173
179	551
167	533
771	1051
527	901
714	1021
305	707
167	533
872	1101
297	699
759	1045
114	443
691	1008
454	845
340	743
692	1008
813	1073
155	514
531	904
280	680
82	377
603	954
810	1071
890	1109
960	1138
357	760
545	914
473	861
834	1083
584	941
492	875
813	1073
627	969
821	1077
597	950
705	1016
767	1049
320	723
98	412
569	931
741	1036
519	896
692	1008
893	1110
926	1124
728	1028
269	667
700	1013
591	946
751	1041
9	126
409	807
10	133
973	1144
365	767
321	724
105	426
449	841
67	342
331	734
427	823
803	1068
220	607
790	1061
36	251
339	742
323	726
869	1099
113	441
190	567
272	671
182	555
241	634
689	1006
962	1139
870	1100
893	1110
579	938
131	474
518	895
487	871
599	951
776	1054
513	891
534	906
679	1001
158	519
499	881
472	860
625	968
966	1141
267	665
487	871
926	1124
657	988
617	963
44	278
141	491
67	342
16	168
438	832
788	1060
955	1136
828	1080
196	575
887	1107
521	897
509	888
30	230
326	729
743	1037
178	549
959	1138
363	766
632	972
231	622
53	304
313	716
172	540
383	784
55	310
366	768
369	771
977	1145
406	805
545	914
91	397
238	630
124	462
356	759
284	684
329	732
767	1049
306	708
812	1072
93	401
454	845
641	978
898	1112
618	963
986	1149
33	241
640	977
72	354
454	845
835	1083
450	842
634	973
560	925
595	948
647	981
60	324
549	917
166	531
558	923
189	565
528	902
668	994
674	998
661	990
962	1139
558	923
558	923
207	590
651	984
840	1086
89	393
376	778
96	408
904	1115
899	1113
750	1040
490	874
581	939
493	876
625	968
708	1017
824	1078
893	1110
228	618
5	94
61	326
639	976
92	399
554	921
83	380
124	462
927	1125
365	767
431	826
758	1045
679	1001
864	1097
341	744
777	1054
20	188
642	978
943	1131
580	938
45	281
32	237
290	691
285	685
383	784
836	1084
424	820
920	1122
339	742
66	339
825	1078
288	689
340	743
749	1040
720	1024
140	490
638	976
94	403
611	959
43	274
744	1037
245	639
595	948
400	800
74	359
581	939
439	833
54	307
951	1135
604	954
85	384
308	710
372	774
40	265
473	861
185	560
855	1093
290	691
603	954
368	770
944	1132
302	704
901	1113
5	94
650	983
105	426
322	725
814	1073
386	787
993	1151
704	1015
67	342
271	670
872	1101
670	995
814	1073
576	936
481	867
606	956
259	656
392	792
9	126
276	675
368	770
509	888
294	695
948	1133
758	1045
476	863
43	274
31	233
565	928
558	923
362	765
422	819
203	585
462	852
311	714
85	384
350	753
744	1037
571	932
585	942
269	667
515	893
687	1005
946	1133
762	1047
832	1082
260	657
265	663
290	691
208	592
313	716
402	801
274	673
192	570
60	324
363	766
84	382
176	546
847	1089
507	887
64	334
775	1053
708	1017
819	1076
739	1034
297	699
257	653
488	872
906	1116
593	947
197	577
830	1081
255	651
590	945
952	1135
550	918
771	1051
186	561
582	940
264	662
722	1025
949	1134
948	1133
377	779
434	829
654	986
809	1071
294	695
483	868
794	1063
38	258
703	1014
623	966
594	948
294	695
92	399
35	248
745	1038
518	895
579	938
52	302
707	1017
749	1040
711	1019
187	562
591	946
349	752
778	1055
865	1097
182	555
264	662
60	324
786	1059
353	756
3	73
896	1111
966	1141
445	838
845	1088
861	1095
507	887
954	1136
400	800
595	948
636	975
679	1001
679	1001
154	513
868	1099
536	908
366	768
486	871
387	788
688	1006
109	434
157	517
519	896
742	1036
477	864
150	506
36	251
868	1099
848	1089
235	627
964	1140
322	725
796	1064
519	896
303	705
175	545
729	1029
329	732
268	666
128	469
70	349
567	930
165	530
119	453
823	1077
451	843
767	1049
565	928
633	973
953	1136
247	641
151	508
388	789
862	1096
901	1113
100	416
624	967
506	886
964	1140
420	817
800	1066
510	889
488	872
306	708
89	393
199	579
886	1107
859	1095
187	562
488	872
199	579
93	401
758	1045
75	361
364	766
856	1093
438	832
785	1059
155	514
487	871
784	1058
732	1031
912	1118
536	908
242	635
780	1056
684	1004
575	935
150	506
534	906
17	173
622	966
367	769
142	493
404	803
752	1041
425	821
830	1081
289	690
777	1054
773	1052
84	382
426	822
703	1014
946	1133
928	1125
336	739
683	1003
901	1113
218	605
391	791
464	853
713	1020
128	469
374	776
123	460
631	972
109	434
644	980
521	897
79	371
507	887
628	970
19	183
300	702
754	1042
849	1090
308	710
924	1123
13	151
986	1149
1	42
725	1027
132	476
191	568
288	689
225	614
364	766
321	724
681	1002
130	472
256	652
93	401
743	1037
590	945
731	1030
833	1082
664	992
955	1136
851	1091
77	366
464	853
251	646
815	1074
339	742
866	1098
81	375
265	663
344	747
158	519
690	1007
133	478
56	313
483	868
973	1144
464	853
396	796
246	640
667	994
217	604
383	784
849	1090
271	670
930	1126
532	905
525	900
885	1106
735	1032
530	904
871	1100
343	746
29	226
584	941
926	1124
851	1091
532	905
896	1111
106	428
221	609
141	491
535	907
695	1010
483	868
829	1080
475	862
55	310
820	1076
112	439
315	718
859	1095
344	747
221	609
179	551
370	772
802	1067
912	1118
540	911
256	652
336	739
435	830
767	1049
928	1125
201	582
419	816
747	1039
682	1002
973	1144
937	1129
762	1047
501	882
17	173
550	918
376	778
325	728
8	119
661	990
835	1083
286	687
362	765
548	916
203	585
766	1049
520	896
594	948
411	809
662	991
45	281
722	1025
142	493
841	1086
94	403
127	467
978	1146
564	928
443	836
597	950
392	792
700	1013
683	1003
494	877
145	498
130	472
323	726
82	377
690	1007
674	998
703	1014
461	851
328	731
6	103
407	806
76	364
828	1080
711	1019
643	979
519	896
776	1054
869	1099
95	406
312	715
520	896
1	42
31	233
731	1030
106	428
161	524
507	887
788	1060
29	226
932	1127
108	432
795	1064
285	685
49	293
133	478
794	1063
413	811
916	1120
858	1094
5	94
883	1106
401	800
363	766
952	1135
319	722
382	783
66	339
253	649
299	701
381	782
800	1066
99	414
828	1080
655	986
491	875
919	1121
311	714
825	1078
355	758
846	1088
404	803
18	178
968	1142