Weight Value (W = 49297, max(v) = 277046)
94	403
506	886
416	814
992	1151
649	983
237	629
457	848
815	1074
446	839
422	819
791	1062
359	762
667	994
598	950
7	111
544	914
334	737
766	1049
994	1152
893	1110
633	973
131	474
428	824
700	1013
617	963
874	1101
720	1024
419	816
794	1063
196	575
997	1153
116	447
908	1117
539	910
707	1017
569	931
537	909
931	1126
726	1027
487	871
772	1052
513	891
81	375
943	1131
58	318
303	705
764	1048
536	908
724	1026
789	1061
479	865
142	493
339	742
641	978
196	575
494	877
66	339
824	1078
208	592
711	1019
800	1066
314	717
289	690
401	800
466	855
689	1006
833	1082
225	614
244	638
849	1090
113	441
379	780
361	764
65	337
486	871
686	1005
286	687
889	1108
24	205
491	875
891	1109
90	395
181	554
214	600
17	173
472	860
418	815
419	816
356	759
682	1002
306	708
201	582
385	786
952	1135
500	881
194	572
737	1033
324	727
992	1151
224	613
260	657
97	410
210	594
649	983
919	1121
63	332
958	1138
804	1068
518	895
428	824
537	909
346	749
153	511
971	1143
662	991
197	577
91	397
529	903
126	465
747	1039
469	857
770	1051
934	1128
723	1026
895	1111
568	930
172	540
958	1138
383	784
308	710
970	1142
583	940
48	290
930	1126
569	931
3	73
20	188
609	958
887	1107
825	1078
930	1126
904	1115
241	634
379	780
376	778
962	1139
889	1108
443	836
216	602
338	741
160	522
406	805
159	520
31	233
204	586
420	817
153	511
425	821
331	734
565	928
838	1085
9	126
918	1121
533	906
232	623
957	1137
591	946
576	936
746	1038
377	779
858	1094
86	386
434	829
558	923
279	679
840	1086
735	1032
574	934
126	465
912	1118
739	1034
821	1077
625	968
917	1120
201	582
993	1151
149	504
52	302
759	1045
267	665
256	652
783	1058
117	449
516	893
180	552
25	210
380	781
712	1020
266	664
216	602
448	840
541	911
664	992
954	1136
726	1027
772	1052
531	904
943	1131
750	1040
327	730
917	1120
5	94
113	441
913	1119
791	1062
998	1153
859	1095
345	748
431	826
675	998
833	1082
438	832
523	899
916	1120
420	817
115	445
660	989
261	658
772	1052
388	789
764	1048
843	1087
206	589
407	806
639	976
852	1091
542	912
60	324
757	1044
82	377
637	975
93	401
614	961
136	483
187	562
102	420
972	1143
163	527
501	882
477	864
492	875
121	456
80	373
138	486
660	989
229	619
827	1079
448	840
230	620
832	1082
489	873
586	942
291	692
665	992
660	989
702	1014
153	511
606	956
123	460
253	649
709	1018
832	1082
108	432
888	1108
481	867
283	683
858	1094
284	684
711	1019
850	1090
239	632
943	1131
195	574
95	406
410	808
664	992
900	1113
112	439
963	1140
754	1042
458	849
19	183
225	614
569	931
97	410
194	572
754	1042
602	953
61	326
695	1010
347	750
719	1023
100	416
97	410
843	1087
745	1038
286	687
492	875
116	447
531	904
424	820
253	649
426	822
413	811
980	1146
291	692
833	1082
486	871
9	126
575	935
922	1123
145	498
897	1112
404	803
742	1036
728	1028
269	667
103	422
745	1038
35	248
779	1056
71	352
80	373
842	1087
128	469
941	1131
227	616
30	230
342	745
605	955
531	904
364	766
359	762
867	1098
820	1076
313	716
207	590
911	1118
308	710
430	825
685	1004
641	978
113	441
141	491
690	1007
700	1013
559	924
481	867
503	884
766	1049
7	111
882	1105
859	1095
182	555
425	821
542	912
683	1003
853	1092
938	1129
89	393
624	967
181	554
878	1103
933	1127
580	938
252	647
207	590
658	988
20	188
954	1136
347	750
759	1045
446	839
14	157
657	988
710	1018
980	1146
188	564
636	975
203	585
432	827
129	471
630	971
509	888
237	629
373	775
838	1085
395	795
692	1008
103	422
218	605
384	785
931	1126
396	796
389	790
640	977
287	688
297	699
977	1145
512	890
219	606
555	921
398	798
289	690
798	1065
598	950
49	293
572	933
697	1011
770	1051
725	1027
542	912
214	600
887	1107
45	281
94	403
282	682
82	377
319	722
626	968
146	500
541	911
874	1101
725	1027
777	1054
554	921
208	592
787	1060
976	1145
912	1118
444	837
3	73
301	703
164	528
437	831
652	984
764	1048
41	268
737	1033
176	546
136	483
128	469
394	794
235	627
42	271
824	1078
684	1004
979	1146
568	930
367	769
52	302
642	978
335	738
126	465
130	472
583	940
129	471
752	1041
167	533
856	1093
640	977
770	1051
431	826
195	574
448	840
701	1013
952	1135
880	1104
168	534
79	371
961	1139
472	860
217	604
709	1018
147	501
296	698
909	1117
764	1048
251	646
878	1103
753	1042
570	932
253	649
666	993
931	1126
433	828
810	1071
678	1000
123	460
212	597
66	339
206	589
750	1040
64	334
466	855
337	740
510	889
796	1064
175	545
437	831
938	1129
848	1089
561	925
718	1023
948	1133
649	983
569	931
663	991
582	940
843	1087
202	583
702	1014
579	938
725	1027
803	1068
340	743
156	516
832	1082
602	953
234	625
688	1006
184	558
978	1146
413	811
633	973
585	942
606	956
963	1140
350	753
242	635
539	910
739	1034
267	665
165	530
177	548
720	1024
802	1067
644	980
82	377
798	1065
197	577
173	542
81	375
235	627
112	439
103	422
268	666
879	1104
643	979
106	428
122	458
444	837
262	659
691	1008
997	1153
446	839
171	539
549	917
281	681
211	596
112	439
408	807
730	1030
363	766
89	393
605	955
938	1129
168	534
705	1016
47	287
400	800
215	601
114	443
51	299
881	1105
549	917
679	1001
328	731
250	645
203	585
481	867
752	1041
707	1017
82	377
63	332
660	989
21	192
287	688
219	606
500	881
820	1076
95	406
44	278
748	1039
678	1000
276	675
478	865
663	991
594	948
757	1044
947	1133
448	840
570	932
313	716
981	1147
795	1064
552	919
389	790
280	680
864	1097
636	975
512	890
892	1110
184	558
947	1133
614	961
625	968
149	504
377	779
474	861
18	178
662	991
416	814
1	42
530	904
752	1041
22	197
981	1147
777	1054
957	1137
275	674
584	941
582	940
121	456
951	1135
668	994
118	451
319	722
896	1111
521	897
948	1133
248	643
474	861
351	754
54	307
155	514
660	989
871	1100
486	871
294	695
425	821
245	639
382	783
371	773
708	1017
544	914
794	1063
387	788
738	1034
520	896
281	681
502	883
91	397
503	884
924	1123
16	168
33	241
344	747
349	752
606	956
896	1111
595	948
441	835
102	420
52	302
654	986
710	1018
434	829
245	639
36	251
661	990
413	811
13	151
370	772
400	800
195	574
984	1148
476	863
164	528
405	804
674	998
196	575
608	957
907	1116
532	905
51	299
716	1022
327	730
880	1104
710	1018
267	665
400	800
376	778
609	958
320	723
196	575
538	909
935	1128
404	803
100	416
126	465
855	1093
94	403
731	1030
253	649
8	119
393	793
543	913
348	751
318	721
489	873
22	197
998	1153
49	293
381	782
10	133
429	825
221	609
150	506
717	1022
530	904
332	735
942	1131
565	928
216	602
61	326
170	537
872	1101
644	980
208	592
680	1001
697	1011
639	976
679	1001
961	1139
361	764
802	1067
359	762
839	1085
718	1023
280	680
252	647
280	680
102	420
615	961
296	698
481	867
956	1137
230	620
259	656
922	1123
706	1016
272	671
156	516
552	919
485	870
536	908
70	349
902	1114
452	844
35	248
947	1133
378	780
57	316
352	755
669	995
702	1014
141	491
458	849
463	853
756	1044
887	1107
332	735
528	902
656	987
254	650
787	1060
495	878
370	772
10	133
200	581
327	730
17	173
374	776
755	1043
980	1146
376	778
8	119
32	237
460	850
804	1068
23	201
869	1099
943	1131
715	1021
628	970
73	356
199	579
38	258
209	593
327	730
912	1118
799	1066
372	774
976	1145
120	454
667	994
188	564
28	222
704	1015
649	983
746	1038
697	1011
712	1020
289	690
625	968
953	1136
462	852
302	704
79	371
41	268
823	1077
908	1117
665	992
36	251
732	1031
809	1071
66	339
291	692
591	946
583	940
252	647
479	865
530	904
224	613
788	1060
309	711
366	768
352	755
402	801
545	914
113	441
967	1141
454	845
723	1026
14	157
20	188
308	710
644	980
713	1020
482	868
336	739
289	690
496	878
326	729
530	904
167	533
522	898
830	1081
91	397
116	447
747	1039
395	795
958	1138
756	1044
262	659
703	1014
511	890
481	867
449	841
888	1108
599	951
306	708
492	875
803	1068
445	838
316	719
889	1108
785	1059
765	1048
491	875
589	944
124	462
741	1036
898	1112
725	1027
682	1002
131	474
398	798
906	1116
753	1042
312	715
790	1061
301	703
945	1132
447	840
197	577
27	218
573	934
589	944
934	1128
209	593
529	903
899	1113
15	162
592	946
92	399
575	935
814	1073
354	757
127	467
374	776
566	929
594	948
973	1144
645	980
603	954
712	1020
32	237
298	700
561	925
906	1116
626	968
143	495
504	884
836	1084
361	764
431	826
554	921
24	205
416	814
735	1032
243	636
454	845
932	1127
494	877
648	982
357	760
596	949
788	1060
536	908
759	1045
200	581
566	929
741	1036
217	604
219	606
832	1082
819	1076
487	871
473	861
241	634
64	334
516	893
857	1094
218	605
490	874
504	884
707	1017
342	745
475	862
175	545
786	1059
171	539
232	623
888	1108
866	1098
976	1145
253	649
619	964
642	978
460	850
218	605
218	605
667	994
949	1134
89	393
488	872
568	930
526	901
860	1095
4	84
772	1052
734	1032
259	656
270	669
6	103
424	820
204	586
313	716
159	520
205	588
25	210
951	1135
721	1025
635	974
293	694
712	1020
410	808
465	854
366	768
74	359
23	201
416	814
764	1048
49	293
817	1075
507	887
152	509
256	652
562	926
495	878
414	812
78	368
912	1118
59	321
259	656
258	655
841	1086
137	484
590	945
383	784
869	1099
939	1130
282	682
880	1104
479	865
454	845
730	1030
556	922
195	574
409	807
580	938
99	414
913	1119
798	1065
318	721
790	1061
344	747
80	373
468	857
922	1123
179	551
347	750
231	622
597	950
607	956
903	1114
310	713
223	611
10	133
845	1088
905	1115
58	318
93	401
759	1045
912	1118
906	1116
43	274
76	364
552	919
670	995
671	996
353	756
837	1084
12	145
889	1108
912	1118
377	779
56	313
585	942
852	1091
715	1021
421	818
330	733
51	299
840	1086
697	1011
848	1089
826	1079
198	578
341	744
274	673
740	1035
339	742
875	1102
400	800
603	954
474	861
126	465
973	1144
973	1144
581	939
788	1060
629	970
799	1066
475	862
959	1138
80	373
917	1120
91	397
783	1058
773	1052
712	1020
655	986
953	1136
279	679
701	1013
706	1016
147	501
355	758
100	416
498	880
261	658
591	946
630	971
374	776
960	1138
917	1120
406	805
759	1045
618	963
981	1147
641	978
131	474
920	1122
534	906
453	845
397	797
51	299
301	703
197	577
910	1117
211	596
851	1091
42	271
919	1121
30	230
674	998
979	1146
764	1048
937	1129
656	987
590	945
337	740
997	1153
643	979
652	984
632	972
827	1079
659	989
56	313
97	410
304	706
771	1051
680	1001
344	747
561	925
632	972
666	993
235	627
71	352
327	730
824	1078
1	42
948	1133
851	1091
780	1056
603	954
380	781
84	382
684	1004
757	1044
605	955
304	706
358	761
294	695
742	1036
37	255
4	84
707	1017
131	474
660	989
89	393
455	846
303	705
680	1001
970	1142
934	1128
951	1135
404	803
446	839
349	752
93	401
672	996
158	519
772	1052
891	1109
532	905
621	965
347	750
227	616
555	921
16	168
303	705
941	1131
833	1082
190	567
622	966
345	748
893	1110
192	570
430	825
160	522
767	1049
170	537
810	1071
318	721
690	1007
224	613
52	302
411	809
203	585
785	1059
219	606
61	326
919	1121
191	568
711	1019
294	695
937	1129
253	649
103	422
316	719
625	968
639	976
641	978
139	488
45	281
316	719
218	605
293	694
747	1039
879	1104
633	973
10	133
356	759
665	992
536	908
823	1077
603	954
392	792
258	655
771	1051
820	1076
139	488
566	929
229	619
325	728
804	1068
786	1059
983	1148
847	1089
388	789
632	972
253	649
405	804
137	484
283	683
678	1000
659	989
706	1016
786	1059
313	716
143	495
713	1020
244	638
489	873
844	1088
896	1111
602	953
210	594
930	1126
692	1008
457	848
241	634
950	1134
229	619
212	597
222	610
32	237
747	1039
869	1099
245	639
575	935
818	1075
204	586
584	941
822	1077
198	578
942	1131
942	1131
899	1113
375	777
327	730
479	865
66	339
950	1134
464	853
286	687
573	934
294	695
137	484
557	923
423	820
427	823
95	406
715	1021
403	802
453	845
735	1032
1	42
145	498
782	1057
848	1089
456	847
490	874
679	1001
461	851
844	1088
70	349
599	951
888	1108
395	795
733	1031
795	1064
368	770
94	403
114	443
46	284
795	1064
583	940
321	724
714	1021
332	735
257	653
906	1116
301	703
277	677
651	984
218	605
109	434
558	923
388	789
121	456
372	774
228	618
208	592
326	729
572	933
50	296
753	1042
77	366
266	664
227	616
502	883
337	740
31	233
629	970
215	601
353	756
274	673
343	746
758	1045
838	1085
478	865
595	948
255	651
331	734
362	765
84	382
16	168
459	849
220	607
16	168
865	1097
719	1023
292	693
175	545
461	851
301	703
759	1045
715	1021
207	590
129	471
681	1002
261	658
893	1110
399	799
377	779
189	565
360	763
14	157
728	1028
314	717
225	614
534	906
914	1119
94	403
549	917
674	998
434	829
211	596
986	1149
863	1096
802	1067
279	679
31	233
810	1071
968	1142
187	562
791	1062
190	567
410	808
592	946
886	1107
875	1102
763	1047
352	755
58	318
815	1074
562	926
571	932
322	725
465	854
418	815
198	578
554	921
656	987
108	432
453	845
909	1117
576	936
646	981
114	443
313	716
692	1008
759	1045
643	979
462	852
860	1095
904	1115
959	1138
663	991
209	593
564	928
233	624
478	865
716	1022
616	962
107	430
979	1146
466	855
971	1143
76	364
886	1107
498	880
150	506
442	836
136	483
36	251
37	255
344	747
550	918
355	758
980	1146
473	861
957	1137
324	727
859	1095
570	932
294	695
260	657
674	998
339	742
259	656
382	783
660	989
430	825
760	1046
682	1002
664	992
358	761
114	443
142	493
19	183
753	1042
163	527
121	456
94	403
398	798
587	943
98	412
142	493
303	705
968	1142
533	906
982	1147
568	930
519	896
277	677
622	966
517	894
720	1024
635	974
55	310
263	660
285	685
189	565
628	970
7	111
290	691
655	986
387	788
641	978
742	1036
741	1036
793	1063
802	1067
897	1112
262	659
193	571
882	1105
131	474
482	868
573	934
443	836
203	585
965	1140
75	361
807	1070
805	1069
513	891
472	860
797	1065
690	1007
295	696
784	1058
532	905
155	514
110	436
884	1106
173	542
78	368
714	1021
633	973
477	864
119	453
718	1023
15	162
472	860
328	731
793	1063
199	579
999	1154
177	548
525	900
948	1133
498	880
495	878
890	1109
906	1116
334	737
385	786
399	799
338	741
520	896
829	1080
481	867
99	414
680	1001
87	388
802	1067
890	1109
839	1085
339	742
883	1106
67	342
544	914
357	760
457	848
444	837
642	978
152	509
59	321
616	962
59	321
987	1149
353	756
530	904
958	1138
613	960
838	1085
85	384
86	386
569	931
479	865
683	1003
400	800
370	772
882	1105
146	500
116	447
760	1046
407	806
447	840
388	789
41	268
658	988
119	453
28	222
457	848
198	578
17	173
432	827
321	724
427	823
205	588
344	747
563	927
304	706
47	287
694	1009
91	397
961	1139
644	980
109	434
959	1138
969	1142
42	271
108	432
648	982
49	293
228	618
929	1126
527	901
967	1141
316	719
582	940
840	1086
575	935
503	884
911	1118
305	707
989	1150
836	1084
369	771
587	943
232	623
452	844
900	1113
952	1135
81	375
995	1152
562	926
739	1034
705	1016
5	94
557	923
490	874
294	695
361	764
900	1113
47	287
205	588
145	498
846	1088
658	988
849	1090
680	1001
148	503
96	408
210	594
690	1007
19	183
831	1081
679	1001
726	1027
528	902
15	162
564	928
847	1089
721	1025
9	126
700	1013
446	839
858	1094
699	1012
271	670
977	1145
533	906
154	513
756	1044
871	1100
912	1118
727	1028
968	1142
569	931
163	527
618	963
685	1004
650	983
807	1070
393	793
276	675
304	706
911	1118
233	624
42	271
400	800
162	525
51	299
734	1032
933	1127
366	768
16	168
177	548
360	763
742	1036
725	1027
868	1099
489	873
501	882
632	972
365	767
196	575
496	878
744	1037
145	498
501	882
880	1104
248	643
683	1003
500	881
389	790
620	965
91	397
721	1025
859	1095
665	992
416	814
481	867
320	723
865	1097
126	465
757	1044
963	1140
781	1057
240	633
330	733
518	895
824	1078
935	1128
51	299
309	711
18	178
863	1096
1	42
749	1040
658	988
577	936
579	938
509	888
154	513
923	1123
397	797
687	1005
959	1138
617	963
637	975
623	966
174	543
775	1053
608	957
306	708
1000	1154
957	1137
641	978
472	860
726	1027
305	707
714	1021
643	979
708	1017
631	972
489	873
829	1080
746	1038
732	1031
732	1031
669	995
422	819
54	307
900	1113
682	1002
666	993
957	1137
109	434
454	845
964	1140
933	1127
140	490
195	574
24	205
657	988
231	622
169	536
128	469
537	909
264	662
46	284
4	84
900	1113
802	1067
68	344
450	842
126	465
58	318
398	798
486	871
451	843
335	738
162	525
106	428
745	1038
969	1142
432	827
159	520
634	973
565	928
16	168
610	958
503	884
511	890
752	1041
55	310
469	857
829	1080
692	1008
177	548
211	596
499	881
115	445
984	1148
818	1075
233	624
424	820
976	1145
371	773
406	805
334	737
784	1058
676	999
168	534
427	823
432	827
531	904
337	740
677	999
537	909
1000	1154
379	780
103	422
785	1059
943	1131
412	810
572	933
828	1080
771	1051
939	1130
594	948
19	183
500	881
376	778
689	1006
776	1054
474	861
575	935
953	1136
143	495
510	889
221	609
615	961
599	951
567	930
545	914
727	1028
558	923
307	709
564	928
331	734
568	930
881	1105
649	983
746	1038
393	793
237	629
517	894
521	897
213	598
820	1076
199	579
813	1073
14	157
803	1068
448	840
207	590
86	386
123	460
220	607
158	519
944	1132
424	820
311	714
399	799
59	321
253	649
233	624
312	715
790	1061
849	1090
202	583
552	919
653	985
788	1060
893	1110
113	441
498	880
442	836
929	1126
86	386
12	145
318	721
258	655
524	899
579	938
424	820
468	857
364	766
81	375
399	799
896	1111
151	508
626	968
367	769
837	1084
640	977
124	462
572	933
408	807
358	761
895	1111
884	1106
523	899
438	832
278	678
25	210
729	1029
996	1153
956	1137
188	564
519	896
35	248
311	714
195	574
829	1080
784	1058
904	1115
99	414
443	836
738	1034
713	1020
109	434
388	789
836	1084
261	658
693	1009
453	845
489	873
514	892
70	349
334	737
711	1019
634	973
135	481
271	670
452	844
669	995
128	469
284	684
524	899
143	495
989	1150
994	1152
280	680
392	792
473	861
231	622
895	1111
943	1131
548	916
677	999
840	1086
358	761
541	911
758	1045
542	912
689	1006
16	168
721	1025
618	963
958	1138
265	663
547	916
252	647
605	955
263	660
735	1032
178	549
416	814
441	835
398	798
7	111
4	84
27	218
639	976
413	811
502	883
226	615
327	730
170	537
711	1019
123	460
946	1133
623	966
312	715
736	1033
8	119
915	1120
22	197
650	983
831	1081
508	887
534	906
415	813
896	1111
982	1147
193	571
389	790
801	1067
337	740
489	873
733	1031
271	670
942	1131
954	1136
48	290
919	1121
394	794
881	1105
917	1120
375	777
10	133
448	840
128	469
530	904
541	911
311	714
316	719
473	861
381	782
652	984
2	59
137	484
349	752
100	416
663	991
67	342
443	836
295	696
217	604
911	1118
359	762
855	1093
298	700
616	962
330	733
160	522
803	1068
50	296
208	592
585	942
530	904
951	1135
654	986
986	1149
812	1072
805	1069
699	1012
500	881
643	979
544	914
970	1142
987	1149
888	1108
646	981
398	798
510	889
625	968
694	1009
933	1127
493	876
20	188
104	424
230	620
962	1139
50	296
351	754
498	880
864	1097
228	618
713	1020
77	366
407	806
497	879
269	667
29	226
197	577
398	798
747	1039
386	787
125	463
411	809
359	762
844	1088
580	938
108	432
838	1085
408	807
814	1073
421	818
999	1154
507	887
557	923
645	980
571	932
532	905
426	822
387	788
230	620
246	640
537	909
716	1022
563	927
947	1133
633	973
834	1083
938	1129
329	732
481	867
957	1137
405	804
689	1006
332	735
686	1005
989	1150
650	983
93	401
119	453
282	682
450	842
3	73
324	727
544	914
957	1137
734	1032
268	666
699	1012
171	539
151	508
279	679
891	1109
142	493
380	781
353	756
711	1019
929	1126
609	958
61	326
398	798
385	786
631	972
859	1095
225	614
207	590
328	731
971	1143
547	916
628	970
848	1089
543	913
864	1097
228	618
85	384
668	994
936	1128
755	1043
832	1082
928	1125
85	384
242	635
786	1059
845	1088
480	866
250	645
247	641
188	564
415	813
495	878
149	504
755	1043
850	1090
14	157
661	990
223	611
649	983
790	1061
761	1046
418	815
959	1138
627	969
668	994
429	825
698	1012
486	871
309	711
734	1032
751	1041
389	790
339	742
572	933
2	59
873	1101
257	653
965	1140
412	810
546	915
435	830
886	1107
378	780
805	1069
927	1125
587	943
333	736
622	966
685	1004
249	644
668	994
885	1106
7	111
371	773
899	1113
549	917
305	707
66	339
118	451
920	1122
297	699
427	823
422	819
244	638
271	670
533	906
2	59
624	967
222	610
335	738
575	935
415	813
617	963
758	1045
265	663
187	562
174	543
220	607
311	714
82	377
270	669
682	1002
946	1133
637	975
962	1139
102	420
677	999
139	488
647	981
877	1103
766	1049
578	937
619	964
922	1123
35	248
758	1045
229	619
516	893
902	1114
559	924
368	770
308	710
625	968
55	310
912	1118
60	324
882	1105
769	1050
594	948
304	706
632	972
755	1043
600	952
424	820
91	397
412	810
971	1143
588	944
759	1045
550	918
134	479
710	1018
113	441
356	759
985	1148
339	742
992	1151
725	1027
955	1136
961	1139
156	516
63	332
631	972
770	1051
546	915
988	1150
999	1154
88	391
870	1100
248	643
667	994
302	704
344	747
536	908
195	574
477	864
655	986
187	562
384	785
955	1136
720	1024
709	1018
31	233
853	1092
15	162
999	1154
941	1131
158	519
979	1146
736	1033
683	1003
437	831
614	961
382	783
731	1030
699	1012
883	1106
693	1009
904	1115
650	983
598	950
694	1009
962	1139
718	1023
719	1023
464	853
599	951
727	1028
694	1009
139	488
315	718
437	831
992	1151
304	706
72	354
554	921
712	1020
585	942
702	1014
251	646
158	519
894	1110
756	1044
591	946
587	943
86	386
564	928
85	384
122	458
993	1151
42	271
98	412
137	484
389	790
205	588
640	977
357	760
541	911
629	970
712	1020
425	821
147	501
722	1025
105	426
999	1154
382	783
859	1095
213	598
260	657
60	324
908	1117
698	1012
664	992
89	393
854	1092
663	991
963	1140
614	961
914	1119
146	500
105	426
411	809
830	1081
160	522
686	1005
212	597
14	157
845	1088
979	1146
158	519
939	1130
527	901
718	1023
675	998
935	1128
239	632
317	720
458	849
623	966
615	961
412	810
431	826
639	976
180	552
857	1094
640	977
497	879
557	923
398	798
670	995
262	659
425	821
175	545
832	1082
850	1090
149	504
207	590
651	984
603	954
867	1098
295	696
444	837
987	1149
820	1076
879	1104
99	414
25	210
535	907
450	842
985	1148
611	959
406	805
54	307
530	904
343	746
967	1141
57	316
988	1150
981	1147
233	624
717	1022
950	1134
726	1027
994	1152
524	899
985	1148
991	1151
783	1058
835	1083
666	993
526	901
580	938
443	836
165	530
531	904
879	1104
667	994
595	948
744	1037
1	42
55	310
588	944
865	1097
508	887
436	831
37	255
381	782
197	577
376	778
107	430
170	537
363	766
926	1124
894	1110
52	302
214	600
760	1046
934	1128
494	877
760	1046
691	1008
817	1075
374	776
439	833
566	929
954	1136
717	1022
392	792
602	953
163	527
20	188
397	797
834	1083
68	344
184	558
952	1135
316	719
768	1050
423	820
277	677
111	438
543	913
552	919
379	780
387	788
110	436
671	996
811	1072
75	361
728	1028
149	504
47	287
5	94
712	1020
283	683
532	905
480	866
36	251
752	1041
768	1050
756	1044
283	683
478	865
195	574
405	804
151	508
377	779
282	682
720	1024
524	899
175	545
799	1066
156	516
182	555
504	884
418	815
298	700
486	871
918	1121
226	615
749	1040
366	768
934	1128
388	789
514	892
607	956
53	304
707	1017
433	828
218	605
868	1099
661	990
289	690
356	759
812	1072
548	916
959	1138
271	670
50	296
810	1071
23	201
847	1089
595	948
955	1136
633	973
170	537
873	1101
246	640
157	517
495	878
867	1098
108	432
383	784
679	1001
328	731
719	1023
59	321
327	730
589	944
740	1035
185	560
499	881
713	1020
825	1078
306	708
292	693
672	996
831	1081
896	1111
491	875
389	790
192	570
361	764
995	1152
445	838
89	393
69	347
858	1094
770	1051
865	1097
659	989
831	1081
422	819
832	1082
927	1125
421	818
827	1079
552	919
503	884
687	1005
897	1112
695	1010
56	313
945	1132
600	952
162	525
325	728
429	825
913	1119
971	1143
128	469
163	527
416	814
860	1095
655	986
335	738
36	251
825	1078
143	495
190	567
277	677
426	822
980	1146
784	1058
269	667
469	857
799	1066
615	961
735	1032
456	847
805	1069
646	981
539	910
860	1095
71	352
411	809
15	162
754	1042
964	1140
942	1131
62	329
930	1126
71	352
679	1001
5	94
478	865
191	568
378	780
304	706
852	1091
161	524
830	1081
705	1016
601	952
912	1118
513	891
153	511
245	639
678	1000
229	619
93	401
669	995
471	859
558	923
561	925
932	1127
532	905
538	909
400	800
976	1145
877	1103
879	1104
993	1151
203	585
182	555
599	951
851	1091
87	388
474	861
358	761
626	968
280	680
859	1095
722	1025
238	630
678	1000
559	924
834	1083
59	321
624	967
796	1064
296	698
867	1098
761	1046
740	1035
382	783
773	1052
885	1106
49	293
708	1017
73	356
812	1072
914	1119
216	602
562	926
14	157
475	862
227	616
418	815
494	877
577	936
786	1059
120	454
383	784
699	1012
395	795
317	720
105	426
410	808
675	998
953	1136
532	905
321	724
406	805
779	1056
66	339
565	928
519	896
854	1092
521	897
229	619
866	1098
596	949
95	406
938	1129
897	1112
455	846
460	850
480	866
620	965
34	244
594	948
923	1123
151	508
348	751
704	1015
970	1142
343	746
692	1008
58	318
799	1066
389	790
389	790
978	1146
653	985
417	814
483	868
522	898
680	1001
607	956
452	844
623	966
880	1104
5	94
872	1101
583	940
453	845
122	458
9	126
819	1076
691	1008
632	972
715	1021
829	1080
56	313
59	321
28	222
859	1095
145	498
160	522
453	845
866	1098
400	800
622	966
830	1081
859	1095
152	509
359	762
221	609
872	1101
646	981
663	991
711	1019
271	670
530	904
44	278
573	934
550	918
955	1136
268	666
937	1129
117	449
294	695
105	426
29	226
86	386
656	987
352	755
914	1119
712	1020
150	506
388	789
142	493
47	287
28	222
567	930
76	364
989	1150
794	1063
618	963
768	1050
732	1031
504	884
520	896
8	119
825	1078
803	1068
550	918
531	904
810	1071
381	782
589	944
853	1092
424	820
440	834
382	783
801	1067
686	1005
427	823
124	462
93	401
167	533
259	656
237	629
313	716
211	596
899	1113
9	126
63	332
738	1034
484	869
777	1054
964	1140
678	1000
285	685
784	1058
949	1134
117	449
467	856
853	1092
635	974
893	1110
281	681
375	777
239	632
782	1057
497	879
671	996
798	1065
699	1012
585	942
665	992
277	677
112	439
831	1081
202	583
877	1103
973	1144
501	882
283	683
520	896
641	978
181	554
620	965
137	484
23	201
844	1088
993	1151
472	860
260	657
931	1126
176	546
931	1126
358	761
745	1038
769	1050
198	578
734	1032
858	1094
500	881
907	1116
758	1045
34	244
598	950
578	937
684	1004
378	780
251	646
370	772
29	226
842	1087
909	1117
181	554
98	412
684	1004
395	795
216	602
781	1057
199	579
618	963
183	557
956	1137
817	1075
576	936
165	530
973	1144
451	843
451	843
130	472
424	820
953	1136
381	782
706	1016
16	168
215	601
51	299
436	831
441	835
540	911
33	241
888	1108
843	1087
386	787
79	371
272	671
573	934
347	750
694	1009
511	890
330	733
477	864
523	899
876	1102
191	568
935	1128
251	646
56	313
210	594
473	861
285	685
75	361
900	1113
591	946
555	921
458	849
959	1138
215	601
328	731
108	432
401	800
213	598
530	904
823	1077
599	951
773	1052
57	316
359	762
58	318
865	1097
190	567
472	860
845	1088
190	567
204	586
694	1009
716	1022
732	1031
418	815
547	916
5	94
986	1149
175	545
561	925
146	500
149	504
884	1106
451	843
957	1137
385	786
789	1061
768	1050
91	397
54	307
96	408
624	967
713	1020
396	796
491	875
196	575
153	511
39	262
97	410
177	548
781	1057
955	1136
830	1081
877	1103
506	886
88	391
630	971
24	205
727	1028
766	1049
889	1108
12	145
451	843
786	1059
962	1139
581	939
545	914
279	679
754	1042
178	549
351	754
133	478
225	614
113	441
962	1139
830	1081
750	1040
398	798
707	1017
571	932
681	1002
972	1143
788	1060
586	942
487	871
993	1151
483	868
187	562
582	940
678	1000
406	805
318	721
36	251
533	906
317	720
350	753
179	551
513	891
147	501
200	581
616	962
368	770
325	728
268	666
119	453
316	719
520	896
586	942
944	1132
629	970
662	991
358	761
837	1084
896	1111
418	815
997	1153
513	891
267	665
438	832
949	1134
905	1115
550	918
884	1106
840	1086
414	812
138	486
362	765
473	861
473	861
29	226
891	1109
556	922
157	517
724	1026
381	782
554	921
41	268
600	952
509	888
130	472
499	881
233	624
228	618
169	536
533	906
973	1144
157	517
522	898
210	594
929	1126
284	684
614	961
801	1067
126	465
864	1097
885	1106
169	536
957	1137
345	748
115	445
107	430
427	823
746	1038
883	1106
139	488
789	1061
519	896
55	310
943	1131
84	382
208	592
341	744
53	304
2	59
308	710
346	749
513	891
875	1102
670	995
587	943
300	702
429	825
747	1039
407	806
709	1018
151	508
937	1129
854	1092
316	719
101	418
594	948
612	959
945	1132
986	1149
918	1121
430	825
257	653
283	683
284	684
979	1146
353	756
259	656
241	634
467	856
688	1006
393	793
30	230
483	868
209	593
498	880
950	1134
447	840
222	610
605	955
205	588
294	695
710	1018
50	296
465	854
122	458
367	769
874	1101
805	1069
156	516
59	321
242	635
169	536
3	73
735	1032
735	1032
530	904
486	871
527	901
506	886
152	509
61	326
875	1102
652	984
762	1047
779	1056
621	965
931	1126
435	830
550	918
352	755
19	183
144	496
69	347
370	772
318	721
368	770
712	1020
386	787
932	1127
754	1042
76	364
178	549
930	1126
625	968
28	222
869	1099
911	1118
923	1123
688	1006
458	849
954	1136
413	811
697	1011
414	812
621	965
168	534
242	635
166	531
316	719
991	1151
640	977
778	1055
950	1134
174	543
691	1008
26	214
714	1021
532	905
898	1112
381	782
963	1140
513	891
674	998
172	540
789	1061
624	967
920	1122
795	1064
685	1004
174	543
985	1148
848	1089
475	862
936	1128
201	582
914	1119
683	1003
936	1128
744	1037
914	1119
647	981
553	920
350	753
157	517
14	157
366	768
192	570
103	422
128	469
486	871
696	1010
944	1132
912	1118
986	1149
744	1037
923	1123
912	1118
757	1044
263	660
154	513
639	976
11	139
482	868
59	321
6	103
498	880
75	361
549	917
686	1005
123	460
766	1049
619	964
747	1039
521	897
70	349
495	878
523	899
384	785
844	1088
216	602
1000	1154
631	972
104	424
468	857
705	1016
358	761
285	685
686	1005
492	875
832	1082
417	814
736	1033
55	310
650	983
610	958
849	1090
73	356
129	471
961	1139
17	173
478	865
351	754
794	1063
887	1107
944	1132
935	1128
426	822
890	1109
334	737
356	759
183	557
372	774
8	119
29	226
555	921
847	1089
432	827
44	278
137	484
132	476
298	700
689	1006
166	531
919	1121
396	796
179	551
608	957
92	399
294	695
367	769
594	948
580	938
947	1133
278	678
246	640
328	731
878	1103
155	514
320	723
244	638
381	782
474	861
409	807
141	491
969	1142
466	855
794	1063
43	274
3	73
371	773
524	899
191	568
584	941
448	840
150	506
894	1110
766	1049
318	721
86	386
99	414
76	364
763	1047
30	230
384	785
325	728
671	996
928	1125
845	1088
293	694
341	744
178	549
663	991
2	59
691	1008
235	627
138	486
995	1152
821	1077
795	1064
439	833
508	887
709	1018
862	1096
910	1117
752	1041
798	1065
985	1148
868	1099
221	609
163	527
563	927
158	519
883	1106
717	1022
781	1057
676	999
165	530
346	749
546	915
959	1138
77	366
422	819
983	1148
810	1071
643	979
197	577
699	1012
259	656
327	730
894	1110
472	860
987	1149
994	1152
209	593
776	1054
234	625
673	997
953	1136
928	1125
179	551
401	800
531	904
911	1118
686	1005
171	539
109	434
567	930
408	807
465	854
423	820
283	683
388	789
879	1104
100	416
119	453
773	1052
10	133
298	700
955	1136
105	426
908	1117
957	1137
416	814
95	406
997	1153
927	1125
840	1086
169	536
987	1149
587	943
465	854
259	656
371	773
877	1103
75	361
585	942
829	1080
251	646
277	677
876	1102
771	1051
142	493
187	562
733	1031
561	925
537	909
50	296
192	570
6	103
656	987
610	958
978	1146
394	794
106	428
483	868
891	1109
205	588
928	1125
368	770
260	657
550	918
963	1140
454	845
978	1146
73	356
705	1016
981	1147
873	1101
175	545
751	1041
245	639
88	391
122	458
184	558
170	537
531	904
461	851
644	980
393	793
3	73
239	632
345	748
872	1101
784	1058
905	1115
582	940
657	988
936	1128
459	849
634	973
862	1096
524	899
442	836
873	1101
294	695
145	498
645	980
830	1081
790	1061
620	965
42	271
994	1152
633	973
693	1009
677	999
715	1021
328	731
276	675
554	921
829	1080
602	953
799	1066
253	649
324	727
477	864
905	1115
561	925
55	310
402	801
660	989
181	554
759	1045
204	586
632	972
56	313
765	1048
73	356
857	1094
341	744
446	839
631	972
348	751
543	913
418	815
936	1128
169	536
902	1114
593	947
414	812
490	874
592	946
876	1102
631	972
282	682
209	593
961	1139
9	126
927	1125
2	59
663	991
222	610
665	992
669	995
773	1052
465	854
544	914
630	971
799	1066
383	784
984	1148
787	1060
321	724
23	201
792	1062
213	598
529	903
242	635
526	901
197	577
472	860
922	1123
972	1143
151	508
865	1097
790	1061
158	519
177	548
577	936
652	984
97	410
156	516
229	619
374	776
869	1099
938	1129
182	555
213	598
460	850
350	753
95	406
640	977
704	1015
670	995
333	736
382	783
528	902
180	552
54	307
455	846
259	656
368	770
242	635
798	1065
42	271
831	1081
61	326
233	624
874	1101
55	310
306	708
335	738
351	754
584	941
416	814
192	570
986	1149
187	562
889	1108
321	724
516	893
166	531
22	197
317	720
344	747
462	852
147	501
380	781
156	516
612	959
721	1025
487	871
744	1037
144	496
606	956
641	978
564	928
888	1108
878	1103
287	688
166	531
33	241
61	326
600	952
417	814
12	145
778	1055
446	839
255	651
178	549
110	436
979	1146
320	723
368	770
210	594
436	831
496	878
996	1153
684	1004
569	931
156	516
413	811
298	700
898	1112
613	960
950	1134
44	278
643	979
123	460
259	656
486	871
112	439
90	395
337	740
811	1072
41	268
368	770
618	963
435	830
135	481
388	789
519	896
381	782
684	1004
528	902
875	1102
781	1057
335	738
392	792
358	761
447	840
213	598
896	1111
959	1138
193	571
672	996
858	1094
113	441
868	1099
268	666
109	434
606	956
243	636
564	928
686	1005
814	1073
179	551
233	624
786	1059
977	1145
945	1132
667	994
425	821
864	1097
14	157
781	1057
149	504
39	262
718	1023
333	736
136	483
590	945
339	742
441	835
609	958
803	1068
966	1141
978	1146
495	878
760	1046
359	762
308	710
131	474
635	974
295	696
676	999
834	1083
256	652
845	1088
696	1010
849	1090
873	1101
165	530
722	1025
911	1118
678	1000
450	842
325	728
589	944
357	760
381	782
21	192
904	1115
458	849
410	808
899	1113
630	971
343	746
754	1042
415	813
900	1113
37	255
699	1012
91	397
574	934
905	1115
609	958
990	1150
503	884
407	806
561	925
302	704
371	773
426	822
888	1108
68	344
812	1072
666	993
591	946
692	1008
194	572
499	881
2	59
649	983
761	1046
628	970
139	488
437	831
142	493
653	985
363	766
62	329
482	868
751	1041
178	549
418	815
181	554
968	1142
265	663
572	933
611	959
164	528
839	1085
115	445
418	815
428	824
984	1148
897	1112
986	1149
354	757
167	533
970	1142
115	445
498	880
317	720
697	1011
570	932
555	921
119	453
581	939
3	73
675	998
819	1076
737	1033
247	641
302	704
354	757
239	632
792	1062
416	814
616	962
812	1072
920	1122
109	434
439	833
679	1001
61	326
183	557
407	806
706	1016
567	930
944	1132
1	42
503	884
320	723
603	954
646	981
83	380
394	794
943	1131
700	1013
989	1150
900	1113
875	1102
577	936
623	966
357	760
43	274
789	1061
12	145
47	287
433	828
988	1150
672	996
365	767
780	1056
825	1078
219	606
868	1099
836	1084
620	965
326	729
797	1065
475	862
196	575
291	692
641	978
341	744
293	694
456	847
235	627
408	807
963	1140
212	597
1	42
612	959
597	950
352	755
755	1043
956	1137
330	733
16	168
706	1016
19	183
78	368
903	1114
418	815
191	568
534	906
862	1096
543	913
977	1145
423	820
404	803
163	527
147	501
235	627
470	858
958	1138
144	496
563	927
745	1038
196	575
702	1014
485	870
506	886
403	802
263	660
791	1062
813	1073
713	1020
323	726
17	173
827	1079
473	861
126	465
479	865
169	536
247	641
408	807
452	844
311	714
591	946
744	1037
392	792
430	825
177	548
16	168
979	1146
241	634
719	1023
644	980
167	533
156	516
157	517
314	717
129	471
536	908
192	570
418	815
159	520
52	302
471	859
630	971
843	1087
701	1013
85	384
299	701
6	103
94	403
252	647
62	329
69	347
896	1111
722	1025
360	763
399	799
35	248
751	1041
434	829
301	703
410	808
653	985
713	1020
824	1078
259	656
62	329
162	525
638	976
356	759
17	173
238	630
117	449
559	924
14	157
119	453
534	906
686	1005
420	817
337	740
179	551
855	1093
105	426
745	1038
168	534
416	814
698	1012
353	756
821	1077
435	830
558	923
273	672
505	885
851	1091
815	1074
695	1010
904	1115
157	517
712	1020
968	1142
958	1138
832	1082
31	233
124	462
866	1098
748	1039
180	552
53	304
195	574
126	465
360	763
112	439
190	567
162	525
407	806
889	1108
605	955
71	352
613	960
571	932
176	546
614	961
412	810
542	912
240	633
275	674
420	817
862	1096
382	783
746	1038
281	681
234	625
352	755
962	1139
689	1006
834	1083
724	1026
957	1137
26	214
608	957
803	1068
894	1110
720	1024
55	310
559	924
569	931
844	1088
799	1066
588	944
429	825
509	888
278	678
570	932
645	980
275	674
23	201
40	265
162	525
70	349
879	1104
771	1051
10	133
587	943
330	733
844	1088
308	710
463	853
746	1038
845	1088
161	524
57	316
208	592
21	192
124	462
636	975
800	1066
870	1100
330	733
138	486
649	983
813	1073
67	342
945	1132
698	1012
394	794
638	976
49	293
886	1107
363	766
952	1135
52	302
24	205
197	577
509	888
781	1057
703	1014
811	1072
845	1088
113	441
795	1064
612	959
552	919
648	982
885	1106
688	1006
570	932
324	727
843	1087
307	709
535	907
616	962
49	293
33	241
639	976
617	963
824	1078
408	807
243	636
816	1074
386	787
656	987
613	960
446	839
539	910
805	1069
148	503
438	832
785	1059
947	1133
677	999
575	935
501	882
473	861
562	926
271	670
552	919
294	695
863	1096
288	689
358	761
215	601
143	495
685	1004
805	1069
606	956
179	551
165	530
894	1110
212	597
122	458
399	799
243	636
919	1121
250	645
604	954
671	996
364	766
429	825
80	373
33	241
94	403
252	647
817	1075
848	1089
332	735
431	826
982	1147
775	1053
694	1009
690	1007
256	652
690	1007
456	847
642	978
235	627
15	162
598	950
285	685
22	197
382	783
798	1065
925	1124
478	865
985	1148
600	952
789	1061
375	777
492	875
192	570
218	605
491	875
61	326
618	963
306	708
143	495
668	994
93	401
704	1015
229	619
580	938
465	854
533	906
916	1120
992	1151
448	840
912	1118
874	1101
710	1018
856	1093
63	332
986	1149
591	946
198	578
643	979
981	1147
444	837
924	1123
584	941
109	434
178	549
243	636
1	42
949	1134
695	1010
769	1050
256	652
226	615
162	525
876	1102
915	1120
108	432
398	798
37	255
72	354
917	1120
887	1107
454	845
649	983
320	723
66	339
579	938
432	827
899	1113
465	854
916	1120
996	1153
965	1140
573	934
777	1054
753	1042
416	814
241	634
796	1064
180	552
135	481
389	790
586	942
556	922
289	690
400	800
146	500
970	1142
292	693
989	1150
283	683
393	793
594	948
638	976
978	1146
110	436
654	986
227	616
929	1126
832	1082
39	262
716	1022
697	1011
25	210
644	980
762	1047
345	748
370	772
230	620
746	1038
827	1079
618	963
594	948
161	524
21	192
384	785
259	656
968	1142
693	1009
596	949
923	1123
625	968
772	1052
169	536
682	1002
583	940
644	980
61	326
645	980
690	1007
10	133
415	813
88	391
104	424
131	474
648	982
988	1150
837	1084
226	615
682	1002
153	511
195	574
824	1078
643	979
292	693
722	1025
26	214
115	445
778	1055
345	748
295	696
305	707
963	1140
834	1083
879	1104
801	1067
223	611
177	548
116	447
648	982
468	857
597	950
412	810
630	971
181	554
446	839
308	710
26	214
276	675
252	647
710	1018
713	1020
400	800
798	1065
980	1146
424	820
375	777
640	977
610	958
68	344
229	619
19	183
871	1100
969	1142
850	1090
56	313
868	1099
360	763
504	884
253	649
395	795
870	1100
802	1067
654	986
968	1142
531	904
454	845
68	344
835	1083
704	1015
219	606
561	925
196	575
368	770
851	1091
122	458
773	1052
199	579
898	1112
595	948
339	742
685	1004
924	1123
750	1040
909	1117
308	710
490	874
860	1095
531	904
909	1117
381	782
241	634
263	660
623	966
137	484
891	1109
879	1104
488	872
331	734
884	1106
664	992
737	1033
995	1152
83	380
404	803
797	1065
235	627
718	1023
453	845
834	1083
349	752
123	460
519	896
278	678
552	919
450	842
209	593
586	942
34	244
476	863
36	251
978	1146
511	890
254	650
818	1075
651	984
688	1006
166	531
175	545
723	1026
133	478
780	1056
403	802
660	989
243	636
898	1112
270	669
441	835
702	1014
772	1052
386	787
167	533
616	962
993	1151
276	675
85	384
239	632
383	784
427	823
276	675
930	1126
546	915
799	1066
702	1014
380	781
485	870
330	733
58	318
528	902
638	976
730	1030
198	578
242	635
518	895
556	922
555	921
868	1099
695	1010
330	733
517	894
429	825
843	1087
366	768
40	265
627	969
715	1021
564	928
907	1116
234	625
405	804
995	1152
632	972
995	1152
69	347
804	1068
769	1050
718	1023
756	1044
953	1136
492	875
919	1121
147	501
303	705
920	1122
188	564
185	560
548	916
726	1027
860	1095
880	1104
145	498
176	546
777	1054
340	743
192	570
580	938
790	1061
859	1095
718	1023
225	614
34	244
397	797
546	915
832	1082
635	974
732	1031
652	984
36	251
459	849
749	1040
814	1073
834	1083
438	832
925	1124
262	659
409	807
337	740
381	782
657	988
291	692
36	251
310	713
97	410
578	937
9	126
437	831
688	1006
291	692
866	1098
679	1001
282	682
765	1048
590	945
86	386
542	912
18	178
284	684
281	681
701	1013
757	1044
869	1099
487	871
841	1086
794	1063
22	197
37	255
215	601
129	471
155	514
498	880
517	894
451	843
981	1147
226	615
756	1044
467	856
981	1147
376	778
574	934
925	1124
934	1128
313	716
800	1066
449	841
22	197
191	568
641	978
320	723
260	657
428	824
241	634
622	966
739	1034
274	673
330	733
134	479
261	658
673	997
146	500
73	356
369	771
673	997
407	806
143	495
846	1088
155	514
89	393
123	460
332	735
555	921
602	953
986	1149
681	1002
472	860
705	1016
724	1026
834	1083
778	1055
498	880
73	356
325	728
43	274
919	1121
101	418
389	790
710	1018
650	983
845	1088
741	1036
363	766
984	1148
71	352
699	1012
592	946
391	791
181	554
286	687
968	1142
351	754
170	537
705	1016
656	987
253	649
482	868
549	917
516	893
691	1008
334	737
266	664
574	934
545	914
902	1114
366	768
431	826
327	730
420	817
931	1126
508	887
631	972
783	1058
285	685
793	1063
855	1093
965	1140
961	1139
569	931
381	782
743	1037
327	730
315	718
888	1108
536	908
49	293
206	589
693	1009
958	1138
193	571
86	386
80	373
943	1131
334	737
203	585
382	783
229	619
479	865
569	931
905	1115
378	780
93	401
330	733
451	843
324	727
989	1150
901	1113
425	821
273	672
564	928
986	1149
97	410
684	1004
824	1078
556	922
380	781
550	918
373	775
285	685
708	1017
365	767
861	1095
532	905
662	991
263	660
190	567
330	733
321	724
479	865
72	354
736	1033
757	1044
735	1032
476	863
730	1030
141	491
580	938
885	1106
110	436
84	382
893	1110
730	1030
85	384
67	342
548	916
210	594
609	958
169	536
370	772
934	1128
565	928
73	356
270	669
625	968
432	827
351	754
615	961
211	596
601	952
10	133
61	326
233	624
283	683
27	218
971	1143
382	783
514	892
348	751
879	1104
798	1065
596	949
762	1047
352	755
525	900
881	1105
595	948
599	951
315	718
123	460
800	1066
558	923
98	412
726	1027
660	989
555	921
934	1128
544	914
978	1146
877	1103
419	816
82	377
98	412
797	1065
603	954
500	881
540	911
143	495
957	1137
508	887
674	998
102	420
238	630
111	438
586	942
626	968
11	139
942	1131
698	1012
469	857
812	1072
443	836
354	757
89	393
11	139
488	872
749	1040
499	881
314	717
94	403
287	688
411	809
696	1010
371	773
975	1144
681	1002
564	928
386	787
54	307
761	1046
544	914
799	1066
903	1114
279	679
975	1144
16	168
868	1099
163	527
638	976
964	1140
246	640
662	991
398	798
655	986
269	667
283	683
632	972
148	503
492	875
246	640
159	520
313	716
206	589
704	1015
137	484
806	1069
83	380
480	866
294	695
861	1095
27	218
883	1106
943	1131
267	665
569	931
220	607
215	601
925	1124
297	699
932	1127
629	970
780	1056
25	210
971	1143
760	1046
681	1002
803	1068
756	1044
337	740
81	375
457	848
125	463
604	954
193	571
608	957
60	324
30	230
106	428
717	1022
18	178
128	469
606	956
338	741
811	1072
354	757
360	763
609	958
284	684
944	1132
272	671
983	1148
675	998
896	1111
868	1099
346	749
210	594
586	942
848	1089
267	665
876	1102
966	1141
454	845
325	728
582	940
673	997
502	883
107	430
311	714
39	262
47	287
805	1069
311	714
489	873
795	1064
283	683
603	954
345	748
151	508
160	522
15	162
633	973
127	467
999	1154
322	725
495	878
374	776
689	1006
109	434
115	445
508	887
533	906
428	824
359	762
205	588
790	1061
274	673
149	504
656	987
352	755
441	835
708	1017
341	744
947	1133
616	962
972	1143
470	858
126	465
410	808
732	1031
174	543
324	727
853	1092
106	428
236	628
490	874
823	1077
475	862
497	879
142	493
163	527
566	929
677	999
873	1101
2	59
932	1127
685	1004
550	918
938	1129
491	875
728	1028
352	755
826	1079
526	901
428	824
71	352
739	1034
198	578
685	1004
915	1120
48	290
668	994
831	1081
503	884
294	695
667	994
310	713
623	966
36	251
450	842
444	837
458	849
812	1072
504	884
291	692
400	800
488	872
574	934
702	1014
972	1143
653	985
520	896
676	999
122	458
274	673
843	1087
533	906
537	909
265	663
728	1028
818	1075
155	514
461	851
343	746
232	623
688	1006
370	772
140	490
997	1153
694	1009
440	834
686	1005
481	867
723	1026
360	763
802	1067
206	589
488	872
524	899
507	887
640	977
551	919
427	823
869	1099
886	1107
6	103
794	1063
117	449
222	610
266	664
747	1039
690	1007
484	869
500	881
337	740
607	956
131	474
911	1118
690	1007
934	1128
241	634
495	878
787	1060
29	226
871	1100
242	635
679	1001
541	911
95	406
874	1101
984	1148
13	151
492	875
577	936
692	1008
499	881
277	677
740	1035
161	524
707	1017
457	848
832	1082
400	800
269	667
371	773
312	715
173	542
843	1087
703	1014
12	145
92	399
199	579
779	1056
298	700
998	1153
281	681
47	287
384	785
953	1136
135	481
508	887
367	769
491	875
763	1047
688	1006
538	909
768	1050
608	957
608	957
948	1133
454	845
941	1131
509	888
309	711
712	1020
455	846
279	679
413	811
119	453
58	318
836	1084
319	722
754	1042
313	716
729	1029
639	976
391	791
953	1136
615	961
580	938
911	1118
306	708
599	951
766	1049
77	366
365	767
958	1138
720	1024
831	1081
334	737
825	1078
734	1032
563	927
739	1034
186	561
536	908
427	823
10	133
184	558
525	900
337	740
886	1107
850	1090
240	633
779	1056
619	964
805	1069
182	555
943	1131
405	804
872	1101
406	805
743	1037
437	831
471	859
343	746
230	620
819	1076
333	736
556	922
793	1063
596	949
480	866
3	73
487	871
797	1065
688	1006
193	571
625	968
797	1065
103	422
199	579
850	1090
607	956
905	1115
416	814
535	907
733	1031
837	1084
384	785
511	890
485	870
523	899
758	1045
459	849
776	1054
908	1117
346	749
319	722
53	304
589	944
175	545
559	924
98	412
251	646
873	1101
610	958
91	397
895	1111
136	483
122	458
160	522
274	673
427	823
834	1083
971	1143
546	915
485	870
846	1088
463	853
811	1072
475	862
798	1065
842	1087
15	162
940	1130
626	968
859	1095
366	768
303	705
630	971
92	399
374	776
384	785
375	777
816	1074
899	1113
770	1051
293	694
293	694
103	422
701	1013
543	913
139	488
203	585
401	800
889	1108
643	979
987	1149
121	456
24	205
881	1105
454	845
305	707
51	299
330	733
843	1087
888	1108
604	954
886	1107
117	449
886	1107
101	418
710	1018
64	334
750	1040
507	887
174	543
257	653
125	463
318	721
988	1150
432	827
272	671
374	776
23	201
721	1025
242	635
559	924
200	581
430	825
859	1095
885	1106
475	862
910	1117
89	393
376	778
615	961
9	126
674	998
817	1075
433	828
66	339
264	662
587	943
245	639
475	862
299	701
170	537
597	950
299	701
290	691
494	877
966	1141
795	1064
946	1133
273	672
978	1146
852	1091
340	743
132	476
504	884
282	682
363	766
846	1088
750	1040
747	1039
187	562
788	1060
287	688
145	498
795	1064
753	1042
133	478
475	862
675	998
232	623
663	991
247	641
470	858
380	781
619	964
779	1056
601	952
742	1036
621	965
774	1053
329	732
55	310
541	911
292	693
505	885
521	897
125	463
183	557
785	1059
169	536
440	834
806	1069
31	233
352	755
996	1153
497	879
314	717
709	1018
728	1028
850	1090
905	1115
691	1008
198	578
677	999
399	799
9	126
562	926
8	119
226	615
165	530
416	814
771	1051
383	784
711	1019
425	821
857	1094
535	907
52	302
182	555
109	434
501	882
240	633
995	1152
733	1031
613	960
114	443
501	882
178	549
622	966
723	1026
820	1076
597	950
145	498
439	833
593	947
219	606
647	981
105	426
816	1074
962	1139
165	530
963	1140
103	422
1	42
395	795
931	1126
717	1022
195	574
192	570
119	453
347	750
628	970
240	633
986	1149
670	995
306	708
998	1153
419	816
458	849
29	226
705	1016
93	401
448	840
678	1000
234	625
513	891
968	1142
259	656
596	949
181	554
287	688
353	756
51	299
976	1145
314	717
520	896
997	1153
587	943
921	1122
539	910
539	910
793	1063
516	893
68	344
104	424
863	1096
481	867
491	875
984	1148
372	774
763	1047
40	265
778	1055
481	867
364	766
388	789
702	1014
298	700
835	1083
380	781
712	1020
59	321
966	1141
557	923
730	1030
772	1052
417	814
400	800
205	588
189	565
741	1036
55	310
496	878
298	700
226	615
6	103
471	859
271	670
68	344
890	1109
741	1036
508	887
513	891
637	975
321	724
961	1139
384	785
295	696
125	463
747	1039
435	830
606	956
169	536
877	1103
493	876
47	287
652	984
423	820
413	811
874	1101
371	773
442	836
481	867
129	471
655	986
154	513
907	1116
256	652
779	1056
10	133
935	1128
678	1000
348	751
898	1112
466	855
683	1003
951	1135
540	911
892	1110
792	1062
453	845
682	1002
630	971
961	1139
585	942
218	605
501	882
605	955
216	602
714	1021
724	1026
36	251
400	800
875	1102
61	326
72	354
305	707
121	456
425	821
836	1084
774	1053
760	1046
378	780
167	533
196	575
1000	1154
128	469
290	691
626	968
490	874
312	715
853	1092
87	388
497	879
774	1053
421	818
63	332
882	1105
756	1044
881	1105
630	971
35	248
328	731
519	896
818	1075
326	729
945	1132
43	274
772	1052
927	1125
506	886
129	471
247	641
770	1051
550	918
685	1004
767	1049
765	1048
497	879
538	909
939	1130
587	943
197	577
767	1049
380	781
687	1005
722	1025
3	73
211	596
493	876
627	969
482	868
438	832
124	462
960	1138
964	1140
819	1076
941	1131
926	1124
532	905
274	673
572	933
512	890
727	1028
622	966
214	600
377	779
849	1090
909	1117
482	868
567	930
515	893
259	656
376	778
57	316
719	1023
642	978
316	719
225	614
593	947
253	649
203	585
403	802
647	981
960	1138
891	1109
364	766
218	605
857	1094
239	632
931	1126
747	1039
434	829
641	978
578	937
366	768
468	857
654	986
285	685
265	663
916	1120
709	1018
601	952
269	667
433	828
879	1104
686	1005
396	796
67	342
80	373
717	1022
105	426
277	677
364	766
931	1126
874	1101
180	552
170	537
84	382
41	268
518	895
580	938
335	738
974	1144
955	1136
837	1084
320	723
942	1131
143	495
569	931
641	978
799	1066
861	1095
183	557
103	422
913	1119
461	851
634	973
275	674
342	745
206	589
947	1133
285	685
649	983
172	540
816	1074
763	1047
59	321
475	862
776	1054
592	946
17	173
937	1129
412	810
188	564
206	589
319	722
599	951
394	794
679	1001
360	763
991	1151
413	811
985	1148
737	1033
281	681
625	968
101	418
79	371
632	972
688	1006
796	1064
827	1079
989	1150
930	1126
699	1012
696	1010
680	1001
675	998
592	946
619	964
837	1084
88	391
194	572
546	915
912	1118
49	293
508	887
925	1124
689	1006
432	827
618	963
192	570
864	1097
33	241
417	814
902	1114
858	1094
208	592
315	718
847	1089
176	546
221	609
169	536
458	849
311	714
362	765
86	386
891	1109
410	808
227	616
146	500
990	1150
866	1098
620	965
764	1048
617	963
702	1014
446	839
223	611
670	995
866	1098
483	868
493	876
750	1040
260	657
229	619
94	403
222	610
129	471
418	815
514	892
965	1140
4	84
698	1012
346	749
828	1080
592	946
86	386
506	886
28	222
584	941
459	849
130	472
155	514
669	995
597	950
880	1104
479	865
24	205
132	476
222	610
912	1118
947	1133
305	707
570	932
130	472
395	795
65	337
632	972
872	1101
280	680
561	925
298	700
186	561
259	656
647	981
104	424
175	545
895	1111
375	777
824	1078
195	574
665	992
387	788
646	981
434	829
8	119
785	1059
268	666
290	691
628	970
417	814
531	904
468	857
10	133
44	278
640	977
620	965
486	871
597	950
439	833
300	702
687	1005
187	562
275	674
100	416
494	877
981	1147
484	869
220	607
742	1036
876	1102
806	1069
960	1138
965	1140
764	1048
832	1082
131	474
161	524
58	318
706	1016
84	382
68	344
255	651
453	845
515	893
336	739
403	802
919	1121
652	984
291	692
794	1063
988	1150
322	725
236	628
298	700
805	1069
877	1103
467	856
346	749
428	824
652	984
92	399
709	1018
365	767
651	984
644	980
100	416
343	746
566	929
522	898
807	1070
921	1122
659	989
415	813
396	796
668	994
404	803
734	1032
734	1032
335	738
2	59
980	1146
607	956
925	1124
498	880
320	723
101	418
192	570
427	823
971	1143
576	936
282	682
214	600
481	867
602	953
950	1134
380	781
438	832
957	1137
459	849
371	773
338	741
512	890
536	908
153	511
485	870
2	59
241	634
39	262
2	59
501	882
840	1086
862	1096
608	957
123	460
284	684
53	304
499	881
964	1140
253	649
672	996
807	1070
214	600
957	1137
130	472
941	1131
811	1072
72	354
500	881
540	911
382	783
396	796
811	1072
481	867
389	790
801	1067
165	530
974	1144
568	930
538	909
164	528
30	230
728	1028
634	973
105	426
215	601
464	853
488	872
129	471
206	589
183	557
34	244
419	816
374	776
196	575
957	1137
904	1115
609	958
432	827
523	899
209	593
740	1035
487	871
994	1152
548	916
607	956
430	825
708	1017
687	1005
506	886
470	858
657	988
267	665
785	1059
47	287
838	1085
345	748
369	771
757	1044
256	652
832	1082
936	1128
815	1074
801	1067
564	928
288	689
794	1063
610	958
976	1145
763	1047
145	498
671	996
373	775
952	1135
8	119
798	1065
384	785
804	1068
524	899
247	641
815	1074
650	983
604	954
924	1123
748	1039
699	1012
618	963
354	757
680	1001
734	1032
859	1095
142	493
712	1020
129	471
322	725
689	1006
740	1035
37	255
528	902
732	1031
346	749
77	366
407	806
260	657
767	1049
415	813
297	699
918	1121
310	713
337	740
21	192
299	701
206	589
788	1060
514	892
853	1092
591	946
316	719
354	757
608	957
109	434
902	1114
800	1066
441	835
227	616
833	1082
418	815
162	525
745	1038
773	1052
230	620
275	674
55	310
958	1138
200	581
122	458
367	769
688	1006
171	539
292	693
14	157
948	1133
683	1003
417	814
906	1116
258	655
561	925
707	1017
357	760
909	1117
718	1023
935	1128
208	592
26	214
149	504
666	993
104	424
816	1074
813	1073
84	382
373	775
792	1062
485	870
760	1046
333	736
733	1031
278	678
857	1094
13	151
149	504
668	994
15	162
760	1046
599	951
829	1080
591	946
989	1150
451	843
759	1045
38	258
732	1031
4	84
957	1137
198	578
137	484
176	546
763	1047
279	679
975	1144
294	695
957	1137
815	1074
550	918
206	589
220	607
265	663
910	1117
580	938
328	731
426	822
929	1126
46	284
726	1027
182	555
772	1052
537	909
938	1129
103	422
853	1092
71	352
238	630
374	776
54	307
771	1051
953	1136
248	643
672	996
914	1119
729	1029
993	1151
569	931
979	1146
721	1025
995	1152
102	420
600	952
562	926
576	936
577	936
11	139
278	678
891	1109
859	1095
521	897
167	533
939	1130
234	625
209	593
740	1035
576	936
92	399
766	1049
845	1088
635	974
274	673
720	1024
809	1071
874	1101
390	791
951	1135
702	1014
681	1002
516	893
576	936
425	821
873	1101
772	1052
412	810
313	716
644	980
485	870
440	834
104	424
246	640
171	539
199	579
497	879
902	1114
850	1090
513	891
395	795
946	1133
913	1119
560	925
779	1056
238	630
656	987
677	999
582	940
221	609
281	681
654	986
564	928
198	578
314	717
651	984
477	864
615	961
344	747
588	944
680	1001
317	720
76	364
852	1091
254	650
978	1146
58	318
329	732
363	766
733	1031
725	1027
769	1050
885	1106
933	1127
532	905
549	917
26	214
445	838
328	731
897	1112
990	1150
33	241
411	809
946	1133
338	741
655	986
713	1020
70	349
38	258
999	1154
898	1112
727	1028
519	896
275	674
606	956
488	872
928	1125
367	769
815	1074
245	639
229	619
577	936
338	741
15	162
899	1113
297	699
717	1022
29	226
570	932
594	948
98	412
156	516
26	214
943	1131
650	983
568	930
912	1118
590	945
155	514
576	936
130	472
360	763
810	1071
149	504
246	640
934	1128
953	1136
274	673
679	1001
285	685
569	931
637	975
312	715
979	1146
657	988
996	1153
934	1128
783	1058
709	1018
849	1090
185	560
916	1120
478	865
158	519
899	1113
726	1027
568	930
105	426
543	913
706	1016
335	738
457	848
74	359
458	849
425	821
38	258
254	650
503	884
806	1069
452	844
922	1123
612	959
794	1063
888	1108
482	868
785	1059
289	690
577	936
644	980
789	1061
290	691
64	334
888	1108
291	692
973	1144
391	791
943	1131
229	619
580	938
781	1057
805	1069
700	1013
757	1044
601	952
591	946
845	1088
341	744
570	932
997	1153
60	324
166	531
181	554
304	706
509	888
745	1038
814	1073
268	666
781	1057
365	767
716	1022
647	981
253	649
182	555
577	936
664	992
599	951
389	790
360	763
912	1118
750	1040
422	819
413	811
52	302
402	801
829	1080
632	972
888	1108
849	1090
96	408
881	1105
589	944
551	919
647	981
581	939
987	1149
6	103
855	1093
479	865
639	976
878	1103
914	1119
7	111
470	858
790	1061
583	940
510	889
215	601
944	1132
544	914
671	996
357	760
488	872
774	1053
568	930
410	808
669	995
295	696
606	956
349	752
935	1128
736	1033
76	364
4	84
222	610
403	802
220	607
2	59
217	604
50	296
867	1098
234	625
516	893
873	1101
713	1020
289	690
48	290
447	840
14	157
335	738
422	819
397	797
686	1005
38	258
44	278
205	588
749	1040
657	988
646	981
747	1039
804	1068
150	506
805	1069
271	670
369	771
908	1117
499	881
305	707
978	1146
301	703
989	1150
563	927
411	809
509	888
383	784
994	1152
890	1109
408	807
27	218
197	577
521	897
127	467
394	794
932	1127
780	1056
779	1056
640	977
673	997
382	783
336	739
884	1106
642	978
8	119
11	139
773	1052
124	462
218	605
628	970
653	985
393	793
415	813
180	552
585	942
539	910
189	565
608	957
47	287
318	721
250	645
467	856
607	956
417	814
384	785
495	878
850	1090
173	542
577	936
757	1044
317	720
948	1133
818	1075
215	601
782	1057
579	938
476	863
804	1068
909	1117
407	806
286	687
860	1095
740	1035
587	943
700	1013
968	1142
279	679
848	1089
43	274
275	674
37	255
316	719
809	1071
43	274
340	743
859	1095
241	634
599	951
624	967
536	908
981	1147
290	691
868	1099
581	939
202	583
174	543
478	865
845	1088
335	738
314	717
831	1081
145	498
861	1095
116	447
857	1094
848	1089
208	592
271	670
447	840
988	1150
187	562
494	877
999	1154
427	823
872	1101
438	832
266	664
844	1088
598	950
463	853
691	1008
261	658
528	902
435	830
148	503
203	585
244	638
894	1110
163	527
818	1075
489	873
723	1026
618	963
480	866
479	865
253	649
194	572
118	451
330	733
379	780
39	262
366	768
855	1093
41	268
775	1053
789	1061
501	882
406	805
10	133
498	880
197	577
960	1138
330	733
461	851
706	1016
361	764
244	638
384	785
617	963
509	888
502	883
441	835
26	214
961	1139
182	555
670	995
628	970
853	1092
472	860
718	1023
492	875
442	836
208	592
318	721
734	1032
893	1110
564	928
593	947
738	1034
762	1047
883	1106
391	791
944	1132
888	1108
72	354
503	884
724	1026
171	539
318	721
284	684
906	1116
829	1080
717	1022
746	1038
58	318
603	954
363	766
817	1075
493	876
414	812
172	540
57	316
133	478
54	307
491	875
628	970
432	827
248	643
469	857
584	941
838	1085
281	681
508	887
129	471
990	1150
137	484
26	214
346	749
652	984
993	1151
889	1108
741	1036
470	858
812	1072
833	1082
397	797
361	764
689	1006
714	1021
987	1149
480	866
14	157
141	491
494	877
605	955
494	877
718	1023
17	173
798	1065
764	1048
308	710
1000	1154
17	173
845	1088
639	976
522	898
479	865
994	1152
249	644
104	424
76	364
91	397
149	504
868	1099
628	970
316	719
51	299
555	921
520	896
915	1120
825	1078
819	1076
255	651
383	784
299	701
933	1127
332	735
946	1133
323	726
835	1083
150	506
808	1070
625	968
546	915
163	527
158	519
419	816
465	854
923	1123
371	773
309	711
440	834
59	321
721	1025
835	1083
146	500
942	1131
748	1039
698	1012
130	472
909	1117
161	524
938	1129
465	854
568	930
224	613
717	1022
510	889
475	862
811	1072
777	1054
676	999
482	868
868	1099
858	1094
807	1070
164	528
306	708
264	662
166	531
10	133
940	1130
119	453
122	458
265	663
363	766
953	1136
597	950
571	932
228	618
429	825
828	1080
610	958
211	596
739	1034
85	384
877	1103
921	1122
910	1117
713	1020
560	925
447	840
368	770
946	1133
512	890
872	1101
352	755
38	258
388	789
474	861
303	705
209	593
157	517
349	752
30	230
782	1057
806	1069
514	892
889	1108
63	332
844	1088
476	863
822	1077
632	972
510	889
218	605
206	589
847	1089
757	1044
42	271
731	1030
838	1085
141	491
663	991
408	807
655	986
418	815
476	863
292	693
814	1073
427	823
511	890
838	1085
603	954
842	1087
366	768
785	1059
293	694
130	472
36	251
601	952
791	1062
271	670
500	881
228	618
614	961
505	885
428	824
818	1075
600	952
232	623
460	850
85	384
286	687
137	484
932	1127
649	983
458	849
303	705
265	663
180	552
945	1132
922	1123
927	1125
207	590
370	772
987	1149
623	966
146	500
517	894
749	1040
131	474
203	585
349	752
53	304
253	649
8	119
950	1134
19	183
235	627
279	679
158	519
126	465
381	782
709	1018
951	1135
315	718
109	434
260	657
619	964
455	846
213	598
714	1021
998	1153
71	352
588	944
416	814
480	866
759	1045
993	1151
720	1024
48	290
655	986
806	1069
38	258
577	936
271	670
845	1088
152	509
552	919
972	1143
430	825
910	1117
395	795
104	424
999	1154
49	293
235	627
813	1073
770	1051
711	1019
234	625
754	1042
602	953
973	1144
277	677
524	899
125	463
235	627
147	501
886	1107
803	1068
651	984
132	476
113	441
372	774
82	377
83	380
156	516
30	230
341	744
260	657
940	1130
21	192
837	1084
998	1153
604	954
696	1010
227	616
313	716
550	918
698	1012
932	1127
959	1138
344	747
766	1049
821	1077
583	940
824	1078
970	1142
191	568
997	1153
472	860
980	1146
684	1004
347	750
362	765
448	840
495	878
667	994
219	606
295	696
448	840
298	700
244	638
368	770
213	598
438	832
412	810
114	443
738	1034
616	962
463	853
864	1097
721	1025
875	1102
809	1071
483	868
34	244
770	1051
827	1079
483	868
652	984
245	639
893	1110
854	1092
25	210
884	1106
473	861
975	1144
550	918
642	978
886	1107
408	807
712	1020
347	750
522	898
767	1049
287	688
557	923
359	762
292	693
886	1107
338	741
446	839
321	724
728	1028
572	933
430	825
488	872
60	324
520	896
565	928
104	424
298	700
331	734
197	577
472	860
180	552
807	1070
640	977
938	1129
5	94
134	479
556	922
153	511
420	817
61	326
112	439
874	1101
442	836
355	758
716	1022
854	1092
15	162
383	784
117	449
662	991
40	265
900	1113
590	945
445	838
380	781
479	865
839	1085
474	861
561	925
167	533
656	987
114	443
451	843
868	1099
502	883
617	963
862	1096
825	1078
62	329
938	1129
614	961
378	780
741	1036
2	59
389	790
398	798
133	478
977	1145
469	857
989	1150
226	615
208	592
633	973
634	973
392	792
587	943
144	496
561	925
311	714
295	696
90	395
410	808
103	422
253	649
432	827
476	863
852	1091
237	629
615	961
186	561
850	1090
3	73
941	1131
561	925
673	997
421	818
90	395
199	579
497	879
747	1039
240	633
213	598
303	705
461	851
788	1060
526	901
950	1134
912	1118
602	953
853	1092
574	934
985	1148
307	709
826	1079
713	1020
127	467
738	1034
149	504
600	952
229	619
74	359
985	1148
673	997
21	192
778	1055
330	733
692	1008
541	911
64	334
983	1148
641	978
957	1137
809	1071
80	373
835	1083
535	907
767	1049
24	205
879	1104
541	911
321	724
91	397
13	151
414	812
646	981
41	268
349	752
642	978
81	375
257	653
603	954
408	807
902	1114
998	1153
540	911
958	1138
371	773
325	728
310	713
273	672
544	914
292	693
843	1087
992	1151
22	197
236	628
790	1061
541	911
651	984
384	785
59	321
499	881
380	781
451	843
747	1039
920	1122
394	794
429	825
285	685
4	84
773	1052
239	632
46	284
176	546
851	1091
745	1038
578	937
264	662
673	997
466	855
279	679
441	835
608	957
344	747
248	643
795	1064
649	983
875	1102
272	671
727	1028
249	644
510	889
603	954
945	1132
829	1080
198	578
432	827
742	1036
991	1151
336	739
720	1024
503	884
918	1121
686	1005
848	1089
756	1044
833	1082
731	1030
570	932
906	1116
717	1022
650	983
32	237
677	999
49	293
642	978
249	644
525	900
841	1086
564	928
921	1122
989	1150
752	1041
355	758
141	491
967	1141
996	1153
834	1083
860	1095
96	408
701	1013
201	582
622	966
26	214
445	838
872	1101
576	936
276	675
32	237
890	1109
534	906
28	222
974	1144
467	856
255	651
597	950
852	1091
618	963
21	192
704	1015
510	889
399	799
633	973
351	754
768	1050
821	1077
322	725
805	1069
471	859
449	841
343	746
735	1032
196	575
544	914
424	820
197	577
232	623
412	810
568	930
185	560
689	1006
768	1050
133	478
166	531
499	881
135	481
566	929
225	614
472	860
368	770
492	875
507	887
912	1118
956	1137
953	1136
837	1084
857	1094
46	284
515	893
763	1047
247	641
577	936
841	1086
249	644
292	693
565	928
332	735
888	1108
505	885
379	780
127	467
97	410
498	880
731	1030
191	568
728	1028
174	543
444	837
556	922
50	296
789	1061
116	447
702	1014
863	1096
551	919
620	965
151	508
776	1054
91	397
421	818
239	632
553	920
821	1077
724	1026
762	1047
456	847
709	1018
417	814
964	1140
123	460
487	871
675	998
765	1048
446	839
517	894
29	226
61	326
90	395
966	1141
460	850
345	748
806	1069
562	926
479	865
835	1083
34	244
996	1153
709	1018
797	1065
662	991
654	986
458	849
934	1128
87	388
559	924
457	848
731	1030
578	937
336	739
218	605
422	819
711	1019
674	998
621	965
227	616
150	506
33	241
885	1106
829	1080
493	876
52	302
886	1107
397	797
879	1104
970	1142
455	846
163	527
597	950
789	1061
928	1125
826	1079
121	456
282	682
285	685
328	731
942	1131
687	1005
992	1151
747	1039
345	748
812	1072
98	412
348	751
730	1030
370	772
618	963
551	919
443	836
350	753
563	927
457	848
15	162
254	650
754	1042
248	643
148	503
474	861
758	1045
254	650
737	1033
612	959
374	776
766	1049
1000	1154
448	840
926	1124
973	1144
380	781
660	989
521	897
481	867
108	432
616	962
847	1089
341	744
934	1128
671	996
905	1115
627	969
308	710
484	869
456	847
751	1041
2	59
285	685
265	663
202	583
565	928
835	1083
331	734
685	1004
453	845
607	956
158	519
281	681
859	1095
510	889
381	782
733	1031
291	692
734	1032
325	728
671	996
411	809
478	865
435	830
17	173
114	443
825	1078
586	942
133	478
833	1082
419	816
210	594
89	393
861	1095
658	988
185	560
884	1106
178	549
918	1121
21	192
182	555
681	1002
312	715
240	633
91	397
834	1083
838	1085
730	1030
664	992
34	244
925	1124
218	605
532	905
934	1128
693	1009
725	1027
16	168
269	667
561	925
620	965
103	422
586	942
683	1003
50	296
214	600
255	651
212	597
276	675
404	803
883	1106
465	854
998	1153
403	802
28	222
270	669
468	857
933	1127
61	326
23	201
742	1036
159	520
201	582
937	1129
138	486
976	1145
885	1106
949	1134
221	609
234	625
265	663
805	1069
82	377
856	1093
327	730
373	775
81	375
430	825
787	1060
90	395
568	930
740	1035
272	671
438	832
414	812
899	1113
17	173
81	375
50	296
189	565
605	955
529	903
392	792
1000	1154
640	977
59	321
523	899
908	1117
473	861
175	545
19	183
544	914
358	761
135	481
561	925
680	1001
561	925
959	1138
22	197
577	936
710	1018
94	403
559	924
427	823
858	1094
908	1117
995	1152
238	630
341	744
842	1087
362	765
493	876
760	1046
844	1088
647	981
797	1065
391	791
209	593
263	660
558	923
824	1078
889	1108
264	662
72	354
82	377
782	1057
306	708
591	946
238	630
787	1060
393	793
696	1010
89	393
943	1131
664	992
113	441
503	884
571	932
774	1053
572	933
585	942
311	714
893	1110
827	1079
808	1070
192	570
925	1124
805	1069
239	632
605	955
365	767
256	652
820	1076
525	900
330	733
228	618
662	991
257	653
102	420
134	479
616	962
1000	1154
778	1055
233	624
988	1150
342	745
531	904
374	776
713	1020
875	1102
968	1142
693	1009
718	1023
993	1151
577	936
953	1136
139	488
510	889
641	978
480	866
414	812
798	1065
373	775
48	290
355	758
601	952
459	849
859	1095
611	959
75	361
579	938
75	361
190	567
974	1144
833	1082
182	555
504	884
713	1020
784	1058
498	880
647	981
4	84
415	813
185	560
570	932
313	716
216	602
630	971
595	948
684	1004
435	830
534	906
678	1000
51	299
103	422
184	558
943	1131
279	679
409	807
565	928
775	1053
249	644
627	969
623	966
488	872
13	151
670	995
701	1013
780	1056
609	958
103	422
421	818
177	548
422	819
749	1040
193	571
807	1070
574	934
745	1038
922	1123
247	641
412	810
716	1022
959	1138
197	577
910	1117
404	803
263	660
391	791
598	950
622	966
866	1098
4	84
252	647
469	857
947	1133
366	768
605	955
745	1038
952	1135
159	520
103	422
384	785
336	739
431	826
498	880
249	644
395	795
44	278
424	820
11	139
654	986
727	1028
204	586
890	1109
260	657
805	1069
455	846
954	1136
949	1134
691	1008
558	923
993	1151
42	271
721	1025
932	1127
305	707
678	1000
328	731
998	1153
715	1021
22	197
139	488
74	359
812	1072
154	513
377	779
758	1045
835	1083
361	764
473	861
471	859
928	1125
424	820
835	1083
774	1053
439	833
651	984
701	1013
932	1127
443	836
186	561
468	857
351	754
914	1119
885	1106
118	451
698	1012
863	1096
792	1062
54	307
225	614
850	1090
287	688
527	901
889	1108
82	377
642	978
487	871
396	796
563	927
50	296
270	669
331	734
184	558
889	1108
228	618
865	1097
433	828
414	812
829	1080
598	950
61	326
846	1088
392	792
337	740
874	1101
364	766
203	585
557	923
863	1096
345	748
193	571
204	586
720	1024
979	1146
740	1035
998	1153
649	983
658	988
850	1090
755	1043
217	604
526	901
43	274
772	1052
401	800
418	815
720	1024
813	1073
322	725
972	1143
814	1073
526	901
746	1038
362	765
753	1042
621	965
319	722
437	831
816	1074
180	552
449	841
177	548
711	1019
353	756
428	824
259	656
376	778
192	570
483	868
753	1042
304	706
843	1087
798	1065
397	797
360	763
530	904
436	831
490	874
633	973
555	921
329	732
773	1052
510	889
562	926
89	393
900	1113
101	418
849	1090
730	1030
954	1136
558	923
713	1020
422	819
120	454
458	849
399	799
118	451
957	1137
580	938
136	483
135	481
751	1041
435	830
164	528
344	747
999	1154
374	776
334	737
362	765
713	1020
382	783
305	707
710	1018
80	373
710	1018
260	657
866	1098
230	620
294	695
911	1118
364	766
345	748
923	1123
363	766
844	1088
935	1128
152	509
518	895
390	791
531	904
313	716
284	684
613	960
12	145
826	1079
942	1131
729	1029
661	990
875	1102
542	912
937	1129
215	601
590	945
449	841
977	1145
496	878
223	611
827	1079
125	463
255	651
611	959
262	659
852	1091
236	628
57	316
90	395
861	1095
988	1150
659	989
326	729
980	1146
923	1123
125	463
701	1013
742	1036
537	909
933	1127
481	867
416	814
413	811
41	268
996	1153
771	1051
484	869
211	596
41	268
443	836
514	892
400	800
415	813
482	868
166	531
324	727
37	255
657	988
778	1055
119	453
967	1141
368	770
665	992
858	1094
599	951
353	756
695	1010
850	1090
804	1068
392	792
460	850
108	432
622	966
781	1057
433	828
367	769
127	467
207	590
824	1078
164	528
875	1102
98	412
519	896
449	841
600	952
682	1002
805	1069
345	748
726	1027
613	960
28	222
157	517
96	408
5	94
869	1099
798	1065
977	1145
203	585
62	329
15	162
240	633
724	1026
927	1125
703	1014
163	527
344	747
519	896
941	1131
39	262
773	1052
75	361
170	537
102	420
744	1037
928	1125
730	1030
198	578
123	460
876	1102
914	1119
641	978
551	919
48	290
299	701
391	791
764	1048
664	992
629	970
509	888
524	899
904	1115
300	702
272	671
355	758
168	534
214	600
554	921
913	1119
417	814
443	836
92	399
837	1084
302	704
83	380
530	904
747	1039
891	1109
835	1083
922	1123
951	1135
945	1132
368	770
60	324
608	957
223	611
801	1067
18	178
693	1009
898	1112
344	747
697	1011
634	973
221	609
369	771
78	368
252	647
441	835
914	1119
138	486
992	1151
470	858
1	42
454	845
527	901
983	1148
736	1033
367	769
589	944
82	377
228	618
962	1139
997	1153
77	366
465	854
344	747
382	783
482	868
119	453
763	1047
736	1033
315	718
480	866
999	1154
423	820
318	721
319	722
305	707
191	568
689	1006
169	536
315	718
397	797
62	329
959	1138
565	928
620	965
416	814
98	412
341	744
205	588
164	528
389	790
880	1104
397	797
953	1136
575	935
494	877
66	339
487	871
725	1027
889	1108
262	659
115	445
435	830
806	1069
146	500
545	914
276	675
898	1112
772	1052
896	1111
549	917
669	995
545	914
857	1094
670	995
458	849
578	937
896	1111
104	424
324	727
891	1109
641	978
223	611
363	766
63	332
139	488
120	454
732	1031
485	870
280	680
4	84
324	727
373	775
483	868
947	1133
173	542
603	954
144	496
322	725
479	865
403	802
982	1147
317	720
248	643
538	909
656	987
324	727
451	843
971	1143
591	946
178	549
629	970
991	1151
25	210
488	872
178	549
771	1051
277	677
54	307
596	949
990	1150
996	1153
651	984
52	302
967	1141
617	963
231	622
463	853
58	318
569	931
911	1118
649	983
844	1088
36	251
657	988
868	1099
634	973
457	848
627	969
298	700
686	1005
437	831
592	946
46	284
569	931
748	1039
978	1146
575	935
513	891
878	1103
664	992
45	281
380	781
91	397
41	268
121	456
867	1098
495	878
687	1005
705	1016
536	908
566	929
325	728
545	914
255	651
568	930
809	1071
626	968
504	884
606	956
154	513
702	1014
763	1047
2	59
514	892
25	210
106	428
451	843
772	1052
298	700
2	59
334	737
982	1147
79	371
273	672
421	818
696	1010
268	666
409	807
76	364
811	1072
420	817
675	998
558	923
323	726
310	713
269	667
332	735
301	703
265	663
820	1076
565	928
737	1033
583	940
250	645
447	840
488	872
589	944
624	967
476	863
998	1153
865	1097
548	916
541	911
121	456
914	1119
844	1088
755	1043
287	688
987	1149
49	293
535	907
780	1056
48	290
389	790
897	1112
953	1136
887	1107
676	999
102	420
317	720
272	671
750	1040
888	1108
464	853
477	864
99	414
266	664
418	815
634	973
693	1009
281	681
152	509
709	1018
801	1067
435	830
983	1148
774	1053
430	825
971	1143
222	610
688	1006
67	342
947	1133
832	1082
998	1153
5	94
487	871
143	495
206	589
862	1096
264	662
810	1071
17	173
14	157
982	1147
535	907
328	731
142	493
77	366
57	316
672	996
24	205
809	1071
386	787
687	1005
448	840
145	498
1	42
708	1017
685	1004
694	1009
718	1023
994	1152
760	1046
37	255
681	1002
605	955
42	271
857	1094
334	737
498	880
258	655
121	456
282	682
371	773
501	882
735	1032
382	783
657	988
684	1004
830	1081
979	1146
599	951
817	1075
315	718
709	1018
37	255
17	173
589	944
616	962
738	1034
418	815
781	1057
781	1057
665	992
318	721
694	1009
421	818
596	949
182	555
845	1088
188	564
772	1052
176	546
713	1020
783	1058
374	776
905	1115
164	528
350	753
230	620
427	823
479	865
138	486
376	778
72	354
681	1002
391	791
665	992
108	432
217	604
723	1026
506	886
574	934
607	956
533	906
77	366
383	784
606	956
766	1049
285	685
273	672
965	1140
106	428
434	829
568	930
136	483
864	1097
978	1146
820	1076
267	665
693	1009
409	807
357	760
311	714
13	151
561	925
53	304
2	59
994	1152
978	1146
833	1082
780	1056
442	836
411	809
480	866
548	916
476	863
966	1141
913	1119
238	630
835	1083
207	590
9	126
207	590
57	316
109	434
34	244
999	1154
45	281
592	946
141	491
445	838
789	1061
232	623
840	1086
494	877
748	1039
820	1076
536	908
727	1028
5	94
48	290
56	313
486	871
741	1036
613	960
767	1049
92	399
700	1013
788	1060
862	1096
237	629
748	1039
731	1030
879	1104
581	939
320	723
678	1000
575	935
212	597
894	1110
942	1131
740	1035
235	627
197	577
701	1013
870	1100
181	554
311	714
280	680
450	842
126	465
631	972
515	893
66	339
359	762
916	1120
648	982
797	1065
679	1001
508	887
584	941
813	1073
290	691
705	1016
927	1125
316	719
390	791
87	388
916	1120
605	955
921	1122
483	868
798	1065
697	1011
844	1088
749	1040
983	1148
862	1096
634	973
678	1000
268	666
481	867
553	920
970	1142
275	674
989	1150
863	1096
207	590
364	766
937	1129
101	418
964	1140
568	930
238	630
119	453
458	849
708	1017
110	436
946	1133
86	386
710	1018
590	945
116	447
476	863
358	761
740	1035
416	814
197	577
518	895
609	958
806	1069
297	699
442	836
359	762
494	877
973	1144
321	724
235	627
438	832
342	745
713	1020
332	735
519	896
828	1080
62	329
905	1115
395	795
400	800
523	899
447	840
729	1029
301	703
582	940
529	903
743	1037
466	855
152	509
709	1018
390	791
13	151
755	1043
253	649
234	625
505	885
50	296
931	1126
543	913
385	786
139	488
139	488
244	638
626	968
752	1041
596	949
275	674
92	399
609	958
15	162
207	590
617	963
203	585
438	832
868	1099
828	1080
19	183
173	542
249	644
939	1130
195	574
820	1076
593	947
917	1120
20	188
419	816
845	1088
573	934
882	1105
916	1120
683	1003
996	1153
435	830
581	939
578	937
122	458
311	714
2	59
795	1064
389	790
841	1086
134	479
265	663
511	890
947	1133
683	1003
473	861
364	766
470	858
636	975
994	1152
33	241
767	1049
250	645
470	858
206	589
898	1112
68	344
679	1001
484	869
715	1021
812	1072
786	1059
944	1132
704	1015
105	426
438	832
453	845
880	1104
167	533
278	678
237	629
662	991
48	290
786	1059
321	724
701	1013
334	737
353	756
235	627
965	1140
78	368
738	1034
787	1060
396	796
278	678
950	1134
46	284
462	852
390	791
224	613
272	671
86	386
467	856
20	188
251	646
73	356
655	986
770	1051
813	1073
41	268
354	757
659	989
94	403
640	977
275	674
523	899
567	930
552	919
71	352
469	857
475	862
417	814
193	571
986	1149
257	653
515	893
399	799
210	594
39	262
823	1077
195	574
904	1115
856	1093
905	1115
919	1121
521	897
247	641
760	1046
631	972
909	1117
345	748
532	905
226	615
540	911
719	1023
15	162
505	885
874	1101
105	426
932	1127
398	798
116	447
915	1120
939	1130
318	721
480	866
3	73
506	886
239	632
56	313
336	739
653	985
626	968
239	632
316	719
766	1049
689	1006
626	968
875	1102
789	1061
690	1007
887	1107
273	672
560	925
737	1033
321	724
103	422
563	927
769	1050
41	268
983	1148
250	645
796	1064
910	1117
435	830
906	1116
854	1092
78	368
729	1029
595	948
133	478
170	537
321	724
800	1066
371	773
621	965
796	1064
620	965
794	1063
773	1052
751	1041
806	1069
30	230
464	853
462	852
685	1004
110	436
600	952
848	1089
189	565
459	849
959	1138
433	828
264	662
487	871
795	1064
939	1130
693	1009
543	913
770	1051
947	1133
124	462
977	1145
311	714
258	655
928	1125
318	721
187	562
9	126
19	183
969	1142
156	516
483	868
388	789
725	1027
608	957
366	768
556	922
442	836
138	486
434	829
260	657
88	391
980	1146
903	1114
784	1058
417	814
611	959
131	474
326	729
611	959
142	493
330	733
751	1041
284	684
735	1032
499	881
421	818
419	816
119	453
665	992
619	964
101	418
445	838
15	162
440	834
14	157
296	698
66	339
371	773
859	1095
136	483
363	766
967	1141
310	713
632	972
114	443
624	967
841	1086
110	436
555	921
36	251
273	672
753	1042
12	145
771	1051
796	1064
578	937
957	1137
199	579
283	683
755	1043
694	1009
540	911
632	972
730	1030
419	816
800	1066
681	1002
222	610
507	887
148	503
58	318
960	1138
556	922
544	914
918	1121
476	863
969	1142
482	868
831	1081
109	434
900	1113
88	391
753	1042
771	1051
715	1021
80	373
778	1055
448	840
374	776
631	972
564	928
598	950
310	713
399	799
513	891
954	1136
712	1020
990	1150
414	812
20	188
536	908
597	950
232	623
660	989
134	479
150	506
449	841
334	737
139	488
365	767
747	1039
86	386
324	727
456	847
915	1120
996	1153
222	610
863	1096
103	422
577	936
792	1062
635	974
328	731
712	1020
651	984
842	1087
24	205
733	1031
468	857
881	1105
245	639
905	1115
25	210
216	602
724	1026
811	1072
759	1045
561	925
238	630
680	1001
450	842
585	942
509	888
699	1012
773	1052
885	1106
103	422
205	588
29	226
894	1110
362	765
998	1153
937	1129
773	1052
318	721
505	885
20	188
703	1014
670	995
972	1143
521	897
673	997
310	713
13	151
846	1088
452	844
541	911
557	923
769	1050
178	549
852	1091
336	739
341	744
422	819
838	1085
259	656
886	1107
336	739
950	1134
700	1013
536	908
54	307
187	562
869	1099
755	1043
764	1048
86	386
297	699
401	800
412	810
873	1101
501	882
398	798
686	1005
242	635
168	534
55	310
505	885
429	825
282	682
283	683
943	1131
85	384
96	408
316	719
293	694
868	1099
774	1053
135	481
216	602
390	791
779	1056
743	1037
696	1010
74	359
720	1024
381	782
512	890
200	581
633	973
475	862
979	1146
475	862
817	1075
435	830
456	847
511	890
802	1067
692	1008
23	201
19	183
123	460
861	1095
882	1105
801	1067
191	568
344	747
884	1106
753	1042
548	916
152	509
412	810
297	699
217	604
98	412
979	1146
343	746
654	986
903	1114
689	1006
436	831
911	1118
8	119
579	938
826	1079
601	952
560	925
576	936
55	310
491	875
845	1088
486	871
912	1118
870	1100
87	388
729	1029
750	1040
381	782
775	1053
149	504
99	414
805	1069
561	925
238	630
373	775
205	588
722	1025
878	1103
26	214
471	859
49	293
695	1010
866	1098
45	281
697	1011
4	84
56	313
684	1004
61	326
332	735
329	732
403	802
275	674
263	660
706	1016
253	649
993	1151
110	436
653	985
658	988
867	1098
558	923
564	928
705	1016
962	1139
45	281
204	586
553	920
837	1084
939	1130
3	73
347	750
476	863
10	133
283	683
449	841
679	1001
79	371
228	618
634	973
899	1113
190	567
164	528
363	766
653	985
632	972
18	178
718	1023
340	743
880	1104
783	1058
862	1096
578	937
33	241
595	948
145	498
939	1130
290	691
29	226
964	1140
765	1048
401	800
827	1079
426	822
686	1005
275	674
941	1131
877	1103
953	1136
690	1007
950	1134
547	916
464	853
13	151
651	984
66	339
10	133
555	921
169	536
131	474
638	976
887	1107
626	968
154	513
918	1121
373	775
312	715
651	984
629	970
27	218
616	962
303	705
825	1078
185	560
513	891
380	781
737	1033
928	1125
330	733
696	1010
15	162
270	669
542	912
863	1096
550	918
904	1115
515	893
319	722
452	844
223	611
542	912
547	916
777	1054
139	488
536	908
100	416
622	966
546	915
76	364
305	707
903	1114
449	841
862	1096
696	1010
561	925
545	914
356	759
122	458
739	1034
707	1017
32	237
26	214
105	426
356	759
228	618
334	737
284	684
313	716
773	1052
548	916
778	1055
116	447
633	973
974	1144
460	850
628	970
920	1122
734	1032
210	594
56	313
781	1057
866	1098
352	755
501	882
597	950
736	1033
469	857
474	861
846	1088
187	562
630	971
163	527
265	663
12	145
15	162
243	636
129	471
608	957
385	786
48	290
345	748
688	1006
780	1056
562	926
993	1151
860	1095
303	705
843	1087
530	904
111	438
954	1136
408	807
364	766
406	805
946	1133
350	753
494	877
240	633
341	744
533	906
598	950
30	230
961	1139
280	680
268	666
76	364
161	524
779	1056
571	932
726	1027
871	1100
555	921
824	1078
275	674
227	616
673	997
105	426
605	955
562	926
302	704
550	918
487	871
998	1153
592	946
514	892
373	775
652	984
419	816
866	1098
791	1062
521	897
185	560
148	503
181	554
84	382
818	1075
426	822
19	183
271	670
436	831
20	188
583	940
430	825
115	445
617	963
870	1100
93	401
489	873
382	783
114	443
941	1131
247	641
284	684
110	436
263	660
729	1029
110	436
103	422
215	601
94	403
40	265
268	666
778	1055
694	1009
713	1020
63	332
63	332
217	604
721	1025
802	1067
282	682
574	934
747	1039
194	572
652	984
537	909
539	910
263	660
19	183
274	673
745	1038
17	173
496	878
349	752
364	766
516	893
35	248
84	382
704	1015
188	564
841	1086
518	895
224	613
161	524
326	729
284	684
803	1068
268	666
203	585
598	950
682	1002
704	1015
736	1033
801	1067
48	290
337	740
642	978
579	938
784	1058
432	827
14	157
597	950
986	1149
868	1099
731	1030
280	680
799	1066
201	582
644	980
176	546
376	778
333	736
563	927
124	462
874	1101
29	226
287	688
267	665
163	527
204	586
614	961
951	1135
126	465
101	418
323	726
597	950
387	788
987	1149
369	771
587	943
391	791
863	1096
493	876
449	841
458	849
538	909
511	890
840	1086
523	899
390	791
929	1126
973	1144
910	1117
896	1111
806	1069
366	768
622	966
937	1129
124	462
379	780
210	594
360	763
978	1146
614	961
811	1072
337	740
802	1067
963	1140
676	999
488	872
687	1005
864	1097
633	973
94	403
640	977
93	401
784	1058
827	1079
739	1034
757	1044
218	605
825	1078
442	836
179	551
306	708
759	1045
161	524
21	192
468	857
739	1034
629	970
28	222
495	878
902	1114
989	1150
281	681
771	1051
380	781
549	917
161	524
411	809
169	536
686	1005
242	635
12	145
452	844
847	1089
771	1051
556	922
687	1005
150	506
991	1151
331	734
420	817
39	262
546	915
188	564
801	1067
427	823
394	794
940	1130
340	743
946	1133
103	422
266	664
880	1104
537	909
306	708
29	226
574	934
420	817
841	1086
369	771
572	933
125	463
393	793
937	1129
473	861
786	1059
666	993
277	677
414	812
2	59
303	705
422	819
278	678
904	1115
450	842
549	917
294	695
30	230
788	1060
111	438
861	1095
915	1120
98	412
459	849
52	302
381	782
888	1108
865	1097
655	986
471	859
306	708
860	1095
658	988
196	575
53	304
25	210
469	857
913	1119
434	829
238	630
400	800
206	589
435	830
659	989
407	806
725	1027
860	1095
571	932
206	589
417	814
594	948
171	539
717	1022
680	1001
807	1070
786	1059
100	416
97	410
251	646
7	111
792	1062
294	695
460	850
366	768
916	1120
659	989
919	1121
59	321
768	1050
588	944
348	751
924	1123
981	1147
434	829
509	888
42	271
271	670
783	1058
198	578
848	1089
657	988
60	324
294	695
738	1034
907	1116
154	513
509	888
791	1062
743	1037
990	1150
900	1113
15	162
127	467
562	926
255	651
262	659
625	968
314	717
397	797
766	1049
107	430
292	693
350	753
72	354
182	555
727	1028
676	999
19	183
678	1000
356	759
490	874
787	1060
807	1070
328	731
551	919
491	875
273	672
207	590
892	1110
579	938
421	818
506	886
81	375
706	1016
182	555
185	560
107	430
220	607
145	498
905	1115
977	1145
956	1137
396	796
215	601
26	214
555	921
682	1002
123	460
744	1037
239	632
156	516
638	976
991	1151
4	84
897	1112
955	1136
206	589
358	761
367	769
553	920
364	766
636	975
591	946
30	230
107	430
654	986
332	735
445	838
929	1126
816	1074
116	447
585	942
802	1067
116	447
997	1153
711	1019
774	1053
715	1021
384	785
856	1093
305	707
44	278
721	1025
260	657
213	598
795	1064
437	831
503	884
841	1086
683	1003
771	1051
111	438
557	923
332	735
523	899
11	139
347	750
501	882
681	1002
213	598
959	1138
810	1071
810	1071
177	548
159	520
23	201
492	875
707	1017
12	145
562	926
266	664
988	1150
479	865
588	944
22	197
85	384
324	727
760	1046
893	1110
186	561
841	1086
178	549
502	883
473	861
55	310
673	997
130	472
336	739
72	354
870	1100
69	347
257	653
271	670
522	898
507	887
576	936
642	978
571	932
251	646
275	674
467	856
743	1037
655	986
193	571
922	1123
966	1141
634	973
915	1120
404	803
452	844
344	747
622	966
599	951
972	1143
856	1093
279	679
427	823
277	677
293	694
692	1008
978	1146
609	958
768	1050
401	800
535	907
584	941
79	371
488	872
163	527
153	511
433	828
279	679
203	585
914	1119
719	1023
974	1144
42	271
746	1038
380	781
102	420
21	192
173	542
638	976
186	561
338	741
31	233
634	973
25	210
127	467
951	1135
155	514
657	988
449	841
126	465
555	921
541	911
297	699
549	917
135	481
592	946
176	546
74	359
558	923
767	1049
852	1091
427	823
867	1098
747	1039
240	633
984	1148
102	420
372	774
960	1138
397	797
287	688
118	451
441	835
93	401
811	1072
151	508
357	760
431	826
275	674
582	940
901	1113
861	1095
396	796
38	258
916	1120
816	1074
777	1054
864	1097
874	1101
932	1127
43	274
684	1004
998	1153
338	741
353	756
408	807
539	910
928	1125
855	1093
974	1144
267	665
794	1063
683	1003
762	1047
862	1096
853	1092
235	627
378	780
492	875
902	1114
455	846