c 4560 z 5180
1251	1440
69	60
278	320
69	60
414	360
973	1120
690	600
69	60
1112	1280
690	600
695	800
483	420
69	60
69	60
417	480
139	160
207	180
621	540
276	240
69	60
695	800
345	300
690	600
1112	1280
556	640
414	360
345	300
1251	1440
556	640
695	800
556	640
483	420
690	600
556	640
834	960
483	420
556	640
621	540
834	960
138	120
139	160
1251	1440
556	640
552	480
690	600
1251	1440
276	240
690	600
1390	1600
690	600
278	320
690	600
414	360
138	120
483	420
1251	1440
207	180
483	420
1390	1600
414	360
483	420
345	300
278	320
552	480
552	480
278	320
345	300
483	420
414	360
414	360
278	320
1112	1280
417	480
138	120
695	800
1390	1600
278	320
552	480
690	600
278	320
417	480
276	240
552	480
483	420
695	800
973	1120
834	960
973	1120
69	60
834	960
345	300
621	540
973	1120
552	480
417	480
1251	1440
834	960
834	960
556	640
1112	1280
207	180
1251	1440
483	420
1112	1280
695	800
1390	1600
483	420
139	160
276	240
834	960
483	420
1390	1600
276	240
552	480
695	800
276	240
1390	1600
621	540
1390	1600
690	600
138	120
1112	1280
483	420
552	480
139	160
695	800
207	180
69	60
483	420
139	160
695	800
138	120
139	160
276	240
973	1120
1390	1600
414	360
138	120
414	360
1251	1440
278	320
207	180
276	240
417	480
345	300
207	180
834	960
417	480
552	480
138	120
973	1120
556	640
345	300
138	120
1251	1440
417	480
1390	1600
690	600
556	640
278	320
1251	1440
483	420
483	420
973	1120
552	480
552	480
139	160
417	480
556	640
345	300
1251	1440
834	960
278	320
690	600
417	480
973	1120
483	420
556	640
276	240
278	320
695	800
552	480
1390	1600
1251	1440
276	240
138	120
278	320
556	640
278	320
414	360
834	960
276	240
552	480
483	420
556	640
834	960
414	360
139	160
552	480
278	320