c 970 z 1428
582	114
194	38
679	133
485	95
396	612
873	171
594	918
264	408
462	714
330	510
582	114
388	76
291	57
132	204
660	1020
528	816
970	190
330	510
582	114
462	714
776	152
194	38
594	918
970	190
396	612
330	510
198	306
485	95
528	816
462	714
582	114
388	76
594	918
679	133
66	102
198	306
396	612
660	1020
66	102
660	1020
594	918
330	510
594	918
582	114
388	76
291	57
594	918
485	95
396	612
132	204
594	918
194	38
97	19
776	152
388	76
594	918
528	816
132	204
132	204
582	114
485	95
264	408
388	76
660	1020
132	204
330	510
462	714
582	114
594	918
330	510
264	408
198	306
679	133
679	133
97	19
582	114
97	19
198	306
679	133
660	1020
264	408
291	57
776	152
66	102
291	57
594	918
198	306
660	1020
594	918
66	102
873	171
194	38
660	1020
873	171
873	171
132	204
873	171
528	816
776	152
396	612
594	918
330	510
660	1020
873	171
97	19
462	714
594	918
485	95
132	204
970	190
582	114
873	171
776	152
132	204
528	816
528	816
485	95
396	612
194	38
388	76
330	510
776	152
198	306
594	918
873	171
132	204
198	306
396	612
970	190
330	510
132	204
198	306
528	816
660	1020
264	408
132	204
97	19
198	306
462	714
679	133
198	306
291	57
528	816
485	95
66	102
679	133
776	152
330	510
970	190
462	714
97	19
396	612
264	408
132	204
679	133
66	102
194	38
970	190
194	38
291	57
388	76
388	76
194	38
679	133
66	102
660	1020
66	102
462	714
660	1020
776	152
776	152
660	1020
873	171
970	190
485	95
462	714
291	57
970	190
291	57
462	714
528	816
679	133
198	306
528	816
66	102
582	114
291	57
388	76
660	1020
198	306
132	204
396	612
776	152
582	114
594	918
528	816
264	408
679	133
330	510
970	190