c 1398 z 6460
410	1900
720	1312
41	190
720	1312
450	820
328	1520
450	820
540	984
41	190
90	164
82	380
720	1312
900	1640
540	984
164	760
82	380
720	1312
900	1640
90	164
900	1640
82	380
360	656
450	820
123	570
369	1710
90	164
180	328
164	760
123	570
328	1520
41	190
720	1312
450	820
369	1710
369	1710
720	1312
41	190
180	328
287	1330
630	1148
246	1140
410	1900
123	570
450	820
270	492
82	380
450	820
270	492
287	1330
450	820
205	950
270	492
270	492
810	1476
360	656
328	1520
180	328
900	1640
41	190
810	1476
540	984
900	1640
287	1330
270	492
90	164
41	190
360	656
720	1312
450	820
450	820
41	190
287	1330
328	1520
810	1476
82	380
287	1330
205	950
90	164
450	820
287	1330
410	1900
270	492
90	164
900	1640
82	380
246	1140
287	1330
410	1900
900	1640
369	1710
900	1640
900	1640
328	1520
90	164
410	1900
410	1900
369	1710
205	950
41	190
41	190
900	1640
410	1900
360	656
41	190
410	1900
205	950
180	328
246	1140
270	492
205	950
540	984
123	570
90	164
630	1148
246	1140
630	1148
369	1710
540	984
205	950
90	164
90	164
205	950
900	1640
90	164
164	760
82	380
180	328
360	656
180	328
164	760
410	1900
810	1476
246	1140
450	820
164	760
287	1330
90	164
90	164
270	492
328	1520
205	950
900	1640
90	164
328	1520
900	1640
900	1640
41	190
82	380
270	492
450	820
410	1900
123	570
720	1312
810	1476
164	760
246	1140
41	190
270	492
205	950
205	950
82	380
720	1312
540	984
164	760
270	492
630	1148
246	1140
328	1520
123	570
540	984
164	760
123	570
287	1330
630	1148
410	1900
164	760
900	1640
369	1710
810	1476
369	1710
246	1140
270	492
287	1330
164	760
810	1476
450	820
123	570
205	950
123	570
630	1148
41	190
450	820
90	164
540	984
369	1710
205	950
90	164
164	760
810	1476
287	1330