c 2753 z 4500
575	485
575	485
920	776
1150	970
275	450
690	582
110	180
495	810
330	540
330	540
1035	873
345	291
460	388
495	810
495	810
385	630
805	679
220	360
805	679
550	900
1035	873
575	485
220	360
575	485
55	90
440	720
440	720
1150	970
495	810
330	540
805	679
345	291
220	360
230	194
440	720
110	180
385	630
385	630
110	180
165	270
220	360
220	360
550	900
115	97
115	97
1150	970
550	900
230	194
385	630
385	630
220	360
115	97
460	388
115	97
805	679
440	720
495	810
495	810
495	810
115	97
690	582
495	810
1035	873
275	450
495	810
330	540
440	720
345	291
550	900
330	540
385	630
220	360
1150	970
1150	970
460	388
1035	873
920	776
550	900
230	194
275	450
385	630
460	388
345	291
440	720
920	776
550	900
110	180
495	810
550	900
440	720
230	194
115	97
495	810
460	388
230	194
495	810
920	776
495	810
115	97
275	450
550	900
220	360
55	90
690	582
920	776
220	360
220	360
920	776
165	270
1035	873
805	679
690	582
345	291
165	270
275	450
275	450
460	388
495	810
805	679
575	485
330	540
115	97
440	720
330	540
920	776
275	450
110	180
165	270
575	485
110	180
385	630
330	540
165	270
495	810
275	450
165	270
460	388
110	180
550	900
920	776
550	900
690	582
55	90
1150	970
330	540
1150	970
345	291
440	720
575	485
220	360
920	776
385	630
55	90
275	450
1150	970
550	900
115	97
575	485
1035	873
920	776
115	97
345	291
345	291
1150	970
330	540
165	270
440	720
550	900
165	270
805	679
345	291
165	270
690	582
345	291
690	582
550	900
920	776
575	485
690	582
550	900
275	450
1150	970
220	360
165	270
440	720
345	291
230	194
345	291
385	630
110	180
385	630
275	450
345	291
805	679
110	180
55	90
385	630
230	194
220	360
575	485