c 11891 z 11684
332	124
664	248
581	217
249	93
372	368
415	155
651	644
372	368
279	276
465	460
166	62
830	310
415	155
558	552
744	736
558	552
166	62
279	276
664	248
279	276
830	310
664	248
837	828
664	248
558	552
279	276
93	92
415	155
930	920
279	276
664	248
166	62
837	828
581	217
465	460
837	828
744	736
186	184
279	276
744	736
651	644
465	460
837	828
332	124
664	248
581	217
837	828
747	279
930	920
186	184
93	92
664	248
747	279
332	124
830	310
651	644
744	736
558	552
744	736
664	248
415	155
186	184
498	186
930	920
558	552
837	828
93	92
166	62
279	276
651	644
744	736
279	276
249	93
415	155
415	155
166	62
415	155
651	644
581	217
930	920
930	920
249	93
830	310
465	460
249	93
279	276
93	92
558	552
93	92
465	460
581	217
664	248
558	552
83	31
415	155
744	736
415	155
186	184
332	124
186	184
279	276
279	276
372	368
83	31
249	93
837	828
837	828
249	93
372	368
830	310
664	248
415	155
498	186
372	368
372	368
930	920
415	155
930	920
830	310
498	186
837	828
332	124
279	276
93	92
415	155
558	552
93	92
744	736
166	62
837	828
372	368
93	92
744	736
744	736
744	736
558	552
747	279
93	92
279	276
747	279
465	460
747	279
372	368
415	155
279	276
415	155
664	248
837	828
830	310
93	92
415	155
930	920
744	736
558	552
415	155
651	644
830	310
166	62
498	186
415	155
498	186
332	124
166	62
249	93
837	828
372	368
465	460
279	276
558	552
332	124
664	248
558	552
83	31
498	186
747	279
465	460
249	93
166	62
83	31
279	276
372	368
415	155
465	460
744	736
279	276
830	310
83	31
166	62
558	552
93	92
372	368
186	184
830	310
664	248
651	644
186	184
186	184
747	279
279	276
830	310
332	124
747	279
83	31
93	92
830	310
279	276
837	828
747	279
372	368
498	186
930	920
166	62
930	920
249	93
166	62
651	644
279	276
747	279
83	31
83	31
372	368
837	828
651	644
744	736
498	186
249	93
830	310
166	62
558	552
249	93
581	217
465	460
93	92
498	186
465	460
558	552
415	155
664	248
498	186
558	552
93	92
415	155
744	736
664	248
930	920
651	644
249	93
498	186
498	186
166	62
664	248
744	736
249	93
186	184
498	186
93	92
558	552
93	92
93	92
415	155
930	920
332	124
747	279
747	279
664	248
558	552
664	248
837	828
279	276
83	31
93	92
930	920
83	31
744	736
83	31
372	368
93	92
830	310
830	310
930	920
332	124
166	62
186	184
837	828
415	155
372	368
581	217
830	310
279	276
465	460
581	217
372	368
558	552
249	93
664	248
651	644
372	368
166	62
930	920
93	92
166	62
930	920
930	920
830	310
166	62
837	828
830	310
558	552
830	310
664	248
558	552
465	460
930	920
332	124
581	217
747	279
558	552
558	552
747	279
558	552
747	279
747	279
558	552
930	920
279	276
664	248
186	184
93	92
837	828
465	460
372	368
186	184
186	184
837	828
664	248
747	279
186	184
664	248
83	31
372	368
465	460
372	368
279	276
581	217
830	310
372	368
372	368
498	186
465	460
744	736
186	184
93	92
930	920
558	552
279	276
83	31
744	736
93	92
166	62
166	62
249	93
166	62
558	552
372	368
744	736
581	217
465	460
332	124
166	62
651	644
249	93
186	184
664	248
930	920
279	276
372	368
465	460
415	155
581	217
744	736
664	248
664	248
837	828
744	736
747	279
186	184
747	279
415	155
651	644
830	310
166	62
249	93
747	279
249	93
166	62
651	644
465	460
332	124
558	552
166	62
498	186
744	736
498	186
249	93
332	124
166	62
498	186
83	31
837	828
186	184
837	828
558	552
664	248
186	184
664	248
558	552
93	92
498	186
830	310
651	644
186	184
651	644
372	368
415	155
581	217
83	31
558	552
83	31
581	217
744	736
651	644
83	31
830	310
837	828
83	31
249	93
498	186
93	92
166	62
332	124
166	62
744	736
166	62
166	62
558	552
332	124
332	124
747	279
186	184
415	155
930	920
186	184
166	62
83	31
664	248
279	276
830	310
415	155
498	186
83	31
747	279
744	736
651	644
651	644
498	186
837	828
166	62
166	62
186	184
279	276
249	93
279	276
83	31
744	736
581	217
372	368
558	552
558	552
332	124
332	124
664	248
415	155
558	552
830	310
664	248
664	248
332	124
581	217
415	155
498	186
581	217
664	248
744	736
651	644
83	31
83	31
930	920
465	460
372	368
83	31